22.7566382292
22.408592928746
22.261102712435
22.368927744671
22.334632015869
22.538086968845
22.380851044027
22.34368825106
21.893906246352
21.718297598083
21.651843901004
21.585220524832
21.387344100165
21.376567587005
21.237593736854
21.469216252034
21.32194623984
21.114923423469
21.078972767994
21.084569160795
21.113005152342
20.914641587897
21.076029956703
21.157865843212
21.20827894565
21.210378982466
21.342726040707
21.314633670456
21.365737319199
21.572772299566
21.792298834985
21.86005382207
22.134931629207
22.234756938559
22.071345340741
21.863003786127
21.885883697822
22.056319737298
22.163561741064
21.994528041862
21.591476689478
21.51550598368
21.321790226673
21.34849452002
21.511641310615
21.607209520551
21.737404176968
21.837741977753
22.050790816136
22.23276829586
22.497557074255
22.37263674153
22.146411466966
21.994598621271
22.01919252575
22.072702694399
22.006790033134
22.068309789005
21.94490576889
22.010137721547
22.02737834561
22.036322501955
22.082452645968
22.242555286001
22.327826889599
22.12656136191
21.946858082453
22.076175464578
22.335908947692
22.388129910972
22.49389445791
22.434564870476
22.484389241711
22.496262415362
22.595420794552
22.735128028484
22.656451660742
22.708258579373
22.611675015403
22.342640566256
22.764776368057
22.55626971813
22.269225195008
22.365344284851
22.453703082122
22.37728763713
22.433992662668
22.313356704226
22.123065698581
21.917704494772
22.016986393266
21.989031639096
22.015777778156
21.96001390561
21.926858431681
21.88725174313
21.885153874832
21.698275060888
21.793057701376
21.82839504335
21.72509497976
21.89877913247
21.886153487127
21.965064770987
21.694716907376
21.723765598846
21.861853320164
21.66790195724
21.882551265648
21.903488926388
22.313300278009
22.247598795824
22.380402222935
22.389365791697
22.219896911753
22.275832071364
22.26379038307
22.235948167479
22.280401086976
22.244120313102
22.080401696656
21.915010579479
22.023375387317
22.137811494749
22.011700872099
22.075251619577
22.002715934628
22.111956773205
22.23041411586
22.440753434004
22.517490386532
22.253388576084
22.25075022556
22.272830290131
22.365398312528
22.375539667159
22.376701481939
22.303604978088
22.272076729745
22.491607832442
22.304326218019
22.44112808688
22.326201940268
22.395583461439
22.424109376294
22.27988232391
22.339454609901
22.390837816583
22.601096501194
22.644983687324
22.696983433635
22.606368335099
22.651018766018
22.521996376035
22.626596955773
22.571902671396
22.509728622084
22.352571602654
22.218357693418
22.052959011256
22.782890060736
22.498266705909
22.363426054792
22.456648876108
22.483071911849
22.358265135358
22.369940104351
22.424657092922
22.075935758482
21.994026880129
22.168564269292
22.260065820324
22.144420471734
22.218260951912
22.336851664808
22.30405986505
22.223719619856
22.188349594309
22.220148255435
22.220996834312
22.123513786356
22.1747403211
22.234565662352
22.217818777091
22.054415114135
22.136176376994
22.157759169775
22.244772008802
22.379630201648
22.416092409998
22.418166319754
22.416485178223
22.342284770703
22.413670677709
22.270089724819
22.33210652668
22.387703504212
22.258477265419
22.171397125643
22.054394610079
22.337943676526
22.247723826226
22.213528380302
22.10735994612
22.206978091725
22.213070499797
22.20051528534
22.254525020097
22.523085016923
22.574240128778
22.31421550456
22.155503219212
22.22417114291
22.386287052424
22.405698934077
22.457815282937
22.397274503802
22.421675520184
22.420610867052
22.404251154794
22.49510534923
22.697171917957
22.594530391831
22.549297994583
22.697425221451
22.552037036139
22.540248523576
22.655438765639
22.654754566064
22.747603765976
22.845961703226
22.718423640265
22.699281969887
22.621051964998
22.635666657859
22.490090555781
22.337171467508
22.29747416809
22.12573551366
21.940568478431
22.664136986329
22.485342107756
22.287619410861
22.406290582767
22.514404503149
22.522158902707
22.285877184606
22.440930931424
22.222398248124
22.06016769085
22.132654732596
22.137642091719
22.088805360827
22.065505991142
22.170230761783
22.190159596318
22.100192766465
22.089927366313
22.202710384503
21.996643346339
22.087667927149
22.053328780564
22.08667994603
22.137973626548
21.938540309518
22.102205773185
22.123019732549
22.119258712134
22.372331838386
22.350544110701
22.307084718847
22.428543837577
22.284107143628
22.317060173155
22.214276314868
22.184283867371
22.100703526885
22.23534964988
22.037637363837
22.179930831715
22.291651900624
22.18518825752
22.185908964218
22.21273681034
22.310828788661
22.195312506701
22.157996380006
22.401787471057
22.531680307159
22.432084786603
22.255828071745
22.206003900606
22.218318901883
22.335920371419
22.333769731933
22.242393007983
22.363373797752
22.516802963587
22.54373029872
22.343879631388
22.554284487791
22.635010779636
22.646443945323
22.517875881366
22.680562811662
22.716261177113
22.733597398305
22.812285683288
22.70229664006
22.779075502834
22.654249003508
22.659529580038
22.699057088307
22.624239164123
22.43599384097
22.371483594928
22.245104193443
22.390840937462
21.998946709176
21.750149293827
22.772136567278
22.439041096165
22.488512856138
22.456367321506
22.695347198891
22.681502443561
22.45996695668
22.589403837352
22.239829604265
22.227784236956
22.217832433981
22.149847791522
22.17743983053
22.185357125189
22.027859953057
22.150817472124
21.892583762498
21.992998706265
22.104141899123
21.924895928211
21.901952862228
22.046912578805
22.042799142945
22.072969508812
21.956996117681
22.029172712057
22.265353855724
22.395750593625
22.447351938013
22.385278418376
22.305740101026
22.359499221176
22.391736211773
22.275156194342
22.180322689188
22.209047854681
22.318089806379
22.17945769576
22.111092670394
22.354819945883
22.332598663038
22.170543734863
22.173826001747
22.173482230473
22.191806985621
22.249108483394
22.369897953557
22.491311409618
22.269656534257
22.14020316173
22.101677127656
22.079439276412
22.216358076185
22.267157829022
22.289943100126
22.409051645791
22.586536387205
22.708660003231
22.625647411136
22.454576330114
22.546708095496
22.688312948887
22.743959116461
22.679311384859
22.903343221825
22.8761656236
22.86602913572
22.89038914139
22.811977897876
22.740455206221
22.66732962349
22.711227233647
22.694157906404
22.557640746666
22.515666837549
22.483063982591
22.427105379251
22.390678717528
22.136881279754
21.747456196425
22.630541469401
22.434964771307
22.330738641931
22.523548563107
22.635610140824
22.663866584674
22.506676372577
22.659307305983
22.40812333827
22.336723651013
22.222713934653
22.263337400645
22.169060241344
22.147242623282
22.144314579642
22.119934018729
22.093306256245
22.016520594715
22.080514746972
21.955707133589
21.927891276947
22.038199190364
22.138998866667
22.12145205173
22.095513476694
22.1724176403
22.428197901932
22.476381949742
22.444404348503
22.471864027991
22.356320111524
22.34715842993
22.367466144774
22.231938497091
22.26292465693
22.270443896918
22.400709234611
22.237432642386
22.237466355205
22.317164201328
22.139678647515
22.126577563911
22.138282726426
22.348692805139
22.336660760904
22.272039867701
22.34445992004
22.267576558805
22.067984172121
22.033712320363
22.116080488921
22.014465894454
22.258691827107
22.380048866259
22.489031587722
22.563029042266
22.695217505543
22.716665558365
22.626634633154
22.6286494454
22.668860537803
22.731801717062
23.06952916995
23.069933668934
23.068605788153
22.998830804666
22.933360916068
23.005946573121
22.789866840448
22.631573403655
22.673285816916
22.702798533957
22.736339506813
22.700467397016
22.470796334912
22.554515936216
22.370306961396
22.404211281341
22.218307271774
21.937578552124
22.564108144873
22.400697026033
22.298509125569
22.436137431511
22.485434024786
22.615423153861
22.446347681064
22.49418616441
22.415168993184
22.374064742486
22.406360271857
22.314205130631
22.343239291443
22.290821985546
22.145901039089
22.054970418521
22.069608641476
21.935218365737
21.95310869991
22.10789012548
22.123525141699
22.059047274603
22.056162741521
22.048393581241
22.1123981626
22.138090153399
22.390504922602
22.453907048571
22.480696946711
22.60803228655
22.387975051454
22.281839739652
22.245419553251
22.24645169937
22.35428006594
22.378138172816
22.345150910236
22.246804516169
22.194774266879
22.431230759025
22.421909689033
22.267503169657
22.318954250589
22.39344765941
22.285072460587
22.161073566803
22.1360995954
22.194674570499
22.187833929464
22.08413808152
22.154805780406
22.377363814642
22.428972404519
22.518740667348
22.642983251159
22.869701612948
23.011555035017
22.97658902666
22.922814065888
22.786857534752
22.901603322504
23.181205108699
23.163415585456
23.20352709103
23.068467349154
23.006987196479
22.897330134837
22.814671038408
22.706060792749
22.545586406148
22.65576660488
22.702929776705
22.671817741926
22.490643238917
22.610305431969
22.487924103197
22.377789268842
22.354851931481
22.120754588981
22.029937327685
22.414428231234
22.342620162375
22.29221329818
22.402972144582
22.604150234536
22.545154753128
22.53186909955
22.462954582997
22.204907783308
22.228131717432
22.353522331288
22.328254663578
22.358249761479
22.212718464196
22.274183135927
22.173110194075
22.165339306095
22.106156476557
22.018137539924
22.025842506939
22.188788676997
22.162095521144
22.213410687267
22.221069486754
21.956907723818
22.141637990716
22.443198906302
22.56395114603
22.640754162506
22.785218808156
22.517065766123
22.384846146332
22.355684746987
22.277972654897
22.349911234193
22.325216534236
22.203238383022
22.216710472247
22.273393683288
22.505232566954
22.481745370273
22.261495438599
22.288952345097
22.248948302828
22.170167820142
22.151501725714
22.328517435615
22.185957347209
22.256271523047
22.174255392418
22.443288398823
22.775508983254
22.754536993101
22.914115972287
23.038786601203
23.181088308409
23.113942822013
23.15216186402
23.295296514153
23.188233820194
23.10042548927
23.088388104486
23.128424440356
23.194290489981
23.189846693279
23.043740707479
22.95664968144
22.98781598416
22.832315900706
22.755402966449
22.856886180558
22.73899924765
22.588254111771
22.539655119376
22.628898406846
22.471156796357
22.467120391116
22.458483782754
22.273608131246
22.079867286247
22.514381740023
22.55572155743
22.375931924656
22.440080889674
22.469020475957
22.626217859434
22.489478495446
22.31412676362
22.127805387205
22.498379415975
22.410937680377
22.293203855906
22.262978560019
22.203019520117
22.347589136226
22.241719747058
22.257738621601
22.213197373827
22.296436206572
22.156859264533
22.235406063974
22.064842939348
22.157393758034
22.250288570617
22.128923672785
22.198169376573
22.449376932132
22.523227082343
22.512893004193
22.687818907804
22.657729083677
22.325984318817
22.439751436152
22.440154416398
22.33566975584
22.277058718874
22.384820762069
22.486668829438
22.456970625138
22.524614723048
22.604399428755
22.46974196729
22.419191786731
22.359572344184
22.234334561333
22.245301089446
22.216976900107
22.36009833643
22.2382480466
22.328868297066
22.58044036952
22.662183072278
22.774831127898
22.772192091345
22.897716283273
22.954705682496
22.79227871011
22.87547019389
22.971648462
23.186580069767
23.220242024067
23.228790733387
23.009264383244
22.914803740774
22.865349166534
22.815846895648
22.998776763158
23.00927954348
22.90489499563
22.91539826315
22.842576454955
22.749890586718
22.629083378092
22.607507141663
22.481099880477
22.451101796322
22.446930355655
22.429726982594
22.448433314025
21.986528933825
22.870822773814
22.841975458683
22.795941625879
22.541408939769
22.638488833577
22.738594560496
22.557281072464
22.425718891557
22.451590481211
22.850137705115
22.549158003954
22.266443825536
22.409159607231
22.323226220065
22.224443623607
22.327450281249
22.420708985933
22.403302401731
22.314892268744
22.288381584779
22.102549594227
22.249479502805
22.385083857418
22.265801533507
22.342459096823
22.190527150678
22.431478241964
22.547335907928
22.627885985795
22.671102999344
22.855095509149
22.699112470174
22.626446267125
22.456910115723
22.552555695525
22.462094410074
22.578724987704
22.508443749494
22.571407587381
22.558764246218
22.653601187284
22.709520713206
22.647346497146
22.575821049043
22.426825570543
22.364890047294
22.410331140749
22.501201579907
22.384731178351
22.545513239905
22.701975784272
22.770293671386
22.86865728297
22.855483952445
22.756941402935
22.777052560436
22.746803900706
22.683891417026
22.891370652625
22.982365417106
23.007922854931
23.141533292514
23.006247591806
22.822375868382
22.716171635043
22.727207532666
22.935110943041
23.172703690222
22.981530879113
22.844587428156
22.77104911494
22.691937898383
22.669720677037
22.590866482821
22.531096433374
22.351136305606
22.413765855319
22.362669254031
22.473954687739
22.139329061515
22.763443346926
22.969353646088
22.970043232965
22.737478121268
22.77657791048
22.727721927916
22.565283632811
22.664342850348
22.691572224293
22.654035293028
22.559175453023
22.519470660225
22.681988871485
22.637274544723
22.475702386376
22.551166971699
22.599480177632
22.396983441476
22.227326953513
22.219380848351
22.161348431501
22.210732044078
22.224850132432
22.244134260929
22.231617043241
22.303543512275
22.42908416791
22.604633950756
22.752857934072
22.755753023442
22.849893394489
22.705764055147
22.653322957672
22.576811740379
22.84509284243
22.66658912748
22.426406489735
22.475124436286
22.421882403856
22.438697294601
22.610476891859
22.732670445525
22.804766657559
22.849578641658
22.777480455461
22.567363061177
22.48721114922
22.636765304751
22.663728656589
22.815629624771
22.723473984724
22.841088445323
22.806031360026
22.871833099851
22.671413621192
22.775842804154
22.923894382418
22.82828759369
22.885669184533
23.027237574101
23.033071854874
23.264445739114
23.099483937066
23.189484242083
23.13616396347
23.22052716392
23.334574016248
23.434771947478
23.081632630908
22.875555801764
22.705064053726
22.815340218991
22.804226194009
22.650521399054
22.479768701451
22.549747525776
22.390281192558
22.424723995692
22.395849990735
21.842988961319
22.767169104872
23.182851665958
23.221597382757
23.0694592174
22.997291344497
22.846689960965
22.702289219313
22.793444107511
22.860514584245
22.81958404466
22.813767788973
22.843991150808
23.075774185697
23.071442938478
22.917556206548
22.800753965064
22.792882069498
22.430105929583
22.249996291286
22.278862346656
22.345382653982
22.318589318917
22.305693059805
22.369193576017
22.363537548198
22.438169733257
22.547832966868
22.676379283243
22.744176934129
22.783126061303
22.823999613001
22.951294842628
22.968584627073
22.859887541233
22.89560275503
22.56492523732
22.513985960742
22.626160467749
22.666208719908
22.616220258901
22.733355743157
22.828171692802
22.817118554684
22.758962404445
22.821147635884
22.549681773382
22.694617656522
22.787289802209
22.718419838234
22.774532480664
22.934386171547
22.885961547995
22.877535690487
22.695820324598
22.708099832184
22.828702331417
23.008342881902
23.022826663369
23.078084885618
23.140244420333
23.197504491274
23.324385374422
23.353589654932
23.677463073982
23.508832753546
23.321345521911
23.420777041068
23.235481174087
22.989900983138
22.878100032445
22.772964519118
22.83033512963
22.805477487325
22.663798360243
22.547901728057
22.44363086054
22.417113489842
22.471328425942
22.322122427007
21.956128043923
22.776357034775
23.130406398954
23.045735100823
22.934113127062
23.03704609926
22.863721205579
22.616803960747
22.619868659288
22.76514412066
22.819028376881
22.806774863174
22.981350139618
23.04050742915
23.250512252275
23.089295104159
22.975042251196
22.921563862178
22.722876388113
22.3447125423
22.537268699842
22.502241345174
22.385455568256
22.399025918187
22.408725246021
22.460970583007
22.577880864959
22.784769745313
22.785455981715
22.820190376656
22.868138153393
22.817736823575
22.942360503005
23.105190317984
22.897561857935
22.708586266681
22.637582615817
22.743549606062
22.983905455235
22.942192699639
22.917135639446
22.832673042861
22.931339842108
22.840420767139
22.794346343439
22.803822510574
22.571035725914
22.66858789485
22.746468614748
22.891346002557
22.880535361085
22.83640021228
23.035145047063
22.82272974549
22.678097233161
22.79454753868
22.950142475965
23.084724679297
23.182378440676
23.265892223164
23.300876114176
23.328922519707
23.524301319178
23.423748661928
23.215848504723
23.258952607482
23.300488163273
23.284125725041
23.27095336978
23.181534433798
22.993483059364
22.834613763651
22.835178510269
22.705165364245
22.547908847038
22.667756442626
22.625655392365
22.546707171026
22.555785319867
22.370578029819
21.980073057943
22.822004755219
22.904453484255
22.763623453232
22.806759053463
22.860098509359
22.821298360749
22.712066164914
22.72588714136
22.788759994359
22.884543444312
23.030238929836
23.024902826363
22.948639550027
23.044273877321
22.997252441757
22.875793502031
22.718971821038
22.524795436733
22.457922472325
22.540058324806
22.371297782514
22.301804098173
22.408689267654
22.494733176114
22.636080770796
22.514488716403
22.653410634103
22.668313426836
22.740093622521
22.759455360104
22.887139506457
23.018416126805
22.937931746186
22.714624106382
22.81403915256
22.921222653193
23.155814817697
23.305093540967
23.125603626377
22.909388345859
22.984755230666
22.894472362817
22.801645899841
22.708694475783
22.85589421141
22.744800399431
22.654263956519
22.904692498115
22.858126466677
22.869553588455
22.839245133906
22.941120013604
22.909852748507
22.937988371526
22.955820713684
23.185008642149
23.228022697635
23.265808973333
23.358230122932
23.372906229016
23.193836083307
23.270016013781
23.066665495611
23.102232175098
22.988209698601
23.061141675378
23.169388366025
23.113515042353
23.248696601816
22.974848190082
22.84717592571
22.677356819583
22.485826717247
22.521578245161
22.560050863959
22.484482242064
22.517232482378
22.642070088126
22.372683383266
21.911560233006
22.819262873515
22.757843529416
22.675893718176
22.71319913996
22.570316720923
22.681976545977
22.598451555358
22.698509440612
22.907945673771
23.012729450949
23.172416675252
23.068970369248
22.958632105732
22.994424647012
22.831958224791
22.526076415471
22.492723760199
22.583074396153
22.577089933322
22.418280772736
22.339716600891
22.244236469072
22.328348730827
22.443689352806
22.516418937719
22.424349649355
22.649323462681
22.605532189443
22.641611672388
22.755571196018
22.893480986782
23.117367855475
23.065696568664
22.983067637965
23.071189927186
23.08866910578
23.135621168152
23.080911469197
22.846417414088
22.882620542452
22.728900724886
22.782204179617
22.744869915122
22.710275162889
23.028110326238
22.797482864258
22.732570106267
22.822531745735
22.83701915575
22.936943115935
23.003780293063
23.083896333
23.022776833499
23.002026232966
23.175433332342
23.424756573983
23.271092389954
23.204320892087
23.196388234791
23.148986366043
23.127689942931
23.023572500942
23.018572385432
22.994088686398
23.010076986853
23.053259761558
23.098377004834
23.180226212256
23.381525013762
23.169044976745
22.920647176631
22.612916183478
22.496145669496
22.350439190679
22.365892530801
22.513566297971
22.569081167412
22.558353153559
22.376750686232
21.841457105871
22.663807986888
22.747230389405
22.591241805126
22.579382230783
22.58988500954
22.580524810595
22.540165314903
22.597752885919
22.660725415711
22.75359181667
22.663608886182
22.823180740058
22.65586009301
22.950661515928
22.724529859966
22.442634302319
22.62105180617
22.607253192321
22.628011073194
22.577397558387
22.430873894187
22.415274535555
22.276988241696
22.3891215162
22.560225964928
22.556293726108
22.680856913841
22.655395283925
22.48158919514
22.672104904855
22.873929014174
22.959974891375
22.940801577366
23.115074168984
23.145206217514
23.065821258509
23.122607848827
22.957707550354
22.821941070779
22.887525346594
22.702110208588
22.617900169515
22.677883918839
22.757248307071
22.906652211052
22.698752708838
22.879423431603
22.908692850079
22.941100333204
23.076202651743
23.226114600956
23.241421091661
23.112889578491
23.186161036288
23.117638129594
23.201065821406
23.383429588334
23.542704942958
23.191472297695
23.112102332936
23.066126602628
23.046790614267
23.167982954722
23.122817793499
23.093275744277
23.099946613957
23.055751418552
22.99763743126
22.904312998684
22.859537162031
22.597697268917
22.472284587284
22.366830947781
22.346946593538
22.240087189883
22.330075094607
22.466972458551
22.528100113866
22.316050507283
21.739415694383
22.657840371858
22.871254569689
22.756463152515
22.851725633262
22.663478534043
22.619425596531
22.427768295478
22.44407186962
22.61547319984
22.523105628952
22.598731837295
22.564439291357
22.490021710482
22.638291368268
22.551487913444
22.59312507234
22.615291985084
22.702794898292
22.639610005344
22.460761636917
22.43019863095
22.389857737151
22.343642176989
22.528775512217
22.557449305387
22.602014932395
22.726980826734
22.638121926436
22.640626124792
22.827820203518
22.829386448859
22.796150296032
22.937316918779
23.004924485731
22.994962857203
23.071239124338
22.940264194464
22.771040581915
22.597236226603
22.635010575732
22.690841921733
22.770030940477
22.818594735142
22.603572153748
22.676283251349
22.694928746279
23.084626378839
23.150266331617
22.950122185595
22.970969230524
23.160094664089
23.192543311945
23.082300190897
22.992723457586
23.014270387013
22.972347824872
22.972363007905
23.03818480995
23.024770817453
23.031295675998
23.016389837551
22.918489904772
23.030735346211
22.959304803242
22.875723565799
22.685330456779
22.726938894967
22.548959436323
22.556817658765
22.407495572953
22.500655173562
22.407994840112
22.488887068944
22.42608782713
22.240893407969
22.172997352519
22.432680771379
22.562238984321
22.113011181037
21.749664554309
22.764383040018
22.983892128633
22.657516734771
22.56315245835
22.634408434627
22.536930783065
22.560141709663
22.398007114777
22.536459143222
22.299682447518
22.37324501465
22.454294309691
22.493315566562
22.489108526687
22.551929807765
22.50161284254
22.604200113408
22.567771016689
22.474704727227
22.437174427371
22.430509785211
22.500053710689
22.658226277433
22.688954342777
22.530182817363
22.544417902541
22.80598410956
22.803850843742
22.894453524971
22.934351727499
22.983952375085
22.808337296279
22.894634142343
22.896861493159
22.821124709932
22.749826771066
22.670848279865
22.550456251634
22.48954963042
22.460291866966
22.499846270933
22.804423813378
22.75882435193
22.305388045182
22.558856486529
22.578843417711
22.944691607192
22.83197943986
22.728421517318
22.783235228369
22.782283094903
22.755294619345
22.644252821776
22.768011776911
22.764514713698
22.727393967045
22.692635705388
22.775707140831
22.767021884314
22.695793609643
22.691472004218
22.595674214507
22.540301281845
22.564674164474
22.487885448887
22.325050271434
22.430322351447
22.394889169222
22.470727818437
22.408549758633
22.527436851501
22.374267402717
22.427284849642
22.39730125603
22.210845577325
22.272022779298
22.335790803513
22.447755706414
22.280699084544
21.80569531047
22.404626862444
22.411608058485
22.300779423676
22.262292060279
22.283067353313
22.255235801082
22.322050444412
22.199757090782
22.339231833701
22.517547691597
22.371268195383
22.44439590895
22.508874385155
22.429252578428
22.56911762032
22.502574877161
22.495488462374
22.46741092089
22.4538185718
22.612041808935
22.596551591859
22.668268455167
22.737506260364
22.718330661696
22.73668348934
22.75058449212
22.928326395238
22.86897682306
22.901308116844
22.789566119028
22.860825113489
22.716849273917
22.778647490032
22.832755261161
22.71378751332
22.708435638644
22.652590190838
22.380632524888
22.308010272423
22.279685580567
22.498468949471
22.663739882218
22.502428234162
22.334956700448
22.505397830004
22.73572034873
22.696066383251
22.61709005722
22.507119597686
22.568125568632
22.437609009134
22.574047215844
22.626233832969
22.519521274341
22.573360319961
22.542906574873
22.572971745382
22.531922554072
22.51856885695
22.435018129463
22.51295776005
22.461071374705
22.382992606937
22.376625798301
22.366249473398
22.253079758331
22.316746837367
22.244054115082
22.172464470549
22.353265740128
22.335550528063
22.321780960722
22.28033866395
22.254921472677
22.405582496075
22.447151381612
22.441236244722
22.472838893739
22.37565259946
22.26716296718
22.261582163453
22.244256345684
22.150201859429
22.249736850207
22.212462610801
22.179334201515
22.1770889316
22.162103283047
22.216992649647
22.344620269453
22.426956926024
22.487455441714
22.412574485053
22.238888414945
22.268361561547
22.556291022662
22.643249846212
22.540667577527
22.528142396891
22.680250149906
22.766187402254
22.691451489216
22.732794344694
22.829064625401
23.054175131542
22.955853420819
22.958482551364
22.82887503446
22.605157467772
22.494545159885
22.774667649298
22.665365350601
22.804087115119
22.564862787354
22.597936033064
22.441082111065
22.328389418803
22.288841780155
22.312532839533
22.218814544807
22.409149987335
22.486035465096
22.519089121759
22.429242803445
22.358142983461
22.495262349877
22.600887495344
22.595043931453
22.522187074812
22.448204093639
22.551082887161
22.636147158439
22.607210171741
22.54880773468
22.488237316695
22.280879571841
22.502815487844
22.451629479272
22.453919259418
22.403882350597
22.429981176911
22.376953008019
22.277463734953
22.306854914501
22.226189783609
22.208526027545
22.207024854126
22.189444919797
22.135288041667
22.113461890004
22.291041653349
22.352063085148
22.351714135044
22.305348858738
22.301104793677
22.50785894301
22.294357400732
22.462510949924
22.277714227238
22.361113532881
22.316080922715
22.152439900425
22.116256259726
22.16247214481
22.198377401149
22.307021314775
22.281996704942
22.285943117405
22.369499335698
22.423499531273
22.437632038072
22.377305644496
22.446098615615
22.300235999923
22.338030055047
22.577599114765
22.551691142023
22.561858058588
22.578821311272
22.442653822058
22.47311178368
22.566521673753
22.552202559576
22.716023173951
22.951693915667
22.715412884744
22.728974960185
22.632028675545
22.490161920078
22.460908671317
22.560661155004
22.721695489009
22.798460486563
22.636245033812
22.513597721676
22.288172570543
22.215424034593
22.318210195894
22.365620789199
22.2964127485
22.402730075383
22.441857334167
22.386609973453
22.217920270475
22.08302048982
22.217860515897
22.567631533372
22.592075884416
22.425988554672
22.465567053667
22.375459158637
22.588294561138
22.597329341238
22.606938294825
22.381230340644
22.242941335391
22.313891716861
22.257319369395
22.236746326065
22.216350606001
22.208209982401
22.280977095407
22.221017966497
22.3416022217
22.15373662068
22.064018832322
22.079352537862
22.09429332634
22.16830661834
22.219642531795
22.174473670079
22.203318127572
22.287873224417
22.349187861029
22.24504508945
22.295240160073
22.151978604979
22.218869259047
22.141414822777
22.15963086258
22.348098488348
22.238339506094
22.145192045581
22.160437658437
22.127025201636
22.30382221425
22.45367811519
22.488249107917
22.319670203329
22.440848596309
22.542917262557
22.50755326522
22.493338615605
22.415741107405
22.530749979691
22.656087295876
22.622403833727
22.601056727093
22.546745875359
22.494276540192
22.41437891552
22.439963870003
22.421119958047
22.618140685254
22.664457182623
22.664199973179
22.549309179735
22.534050939003
22.466810873375
22.53338153513
22.56934384752
22.738442931877
22.827256946462
22.746767066402
22.743898694539
22.614860961257
22.609135704573
22.403423737239
22.402600718776
22.462352221982
22.508616643772
22.361580462008
22.059670199419
22.039118165809
22.170471874259
22.516346459266
22.646951763677
22.353147250877
22.381794621451
22.30114409376
22.420479368357
22.499771418976
22.597347867346
22.550186708547
22.291539128538
22.137391067562
22.185391486285
22.124115363465
22.143124353777
22.179901781358
22.152280110232
22.080248012472
22.121832426108
22.172929392928
21.929756768701
22.139292516533
22.147984238282
22.110402196785
22.231892655299
22.177134937786
22.188905378296
22.263325644704
22.308510248605
22.193226284972
22.198775735841
22.124095541925
22.146116461959
22.189837915174
22.083252669823
21.987019831457
22.435365777141
22.258137520383
22.100897721489
22.152223959856
22.262833708142
22.176678646576
22.326985401042
22.39978507617
22.308688537026
22.565717253556
22.414778422267
22.394016255187
22.607622027451
22.523885507091
22.429692484243
22.490939195223
22.714771813262
22.6943954199
22.585665807124
22.534179207926
22.485966751123
22.479488216652
22.431391461271
22.565946053985
22.49042163095
22.534384932516
22.348031790336
22.370146622973
22.458953609494
22.409530456886
22.421420071263
22.434602734304
22.420541797805
22.325981108783
22.56331266713
22.599777420084
22.407861354737
22.389984492355
22.40543748506
22.579825836069
22.485302322066
22.277852308207
22.227001509265
22.208681557512
22.299686338787
22.33130525986
22.29956416524
22.354219310864
22.451650890048
22.718342145709
22.618753018087
22.535741583898
22.398122951976
22.434278943244
22.379219283047
22.109456815316
22.058977691916
22.084239576252
22.156413181842
22.156811465254
22.099056240566
22.104972612435
22.15482379521
22.161075087219
22.217291963581
22.075572812147
22.237462768899
22.16144242971
22.070596502772
21.921372874663
22.138329039952
22.218632556512
22.26361899976
22.131078859647
22.051655648619
22.090905693837
22.019009339191
22.050075396311
21.973517177469
21.882601148757
22.469791759754
22.31061795977
22.126014169449
22.204505286148
22.241761342004
22.176730078799
22.426300101232
22.491672297877
22.218642412125
22.465232735988
22.53877808957
22.558690832346
22.706286597917
22.612279713739
22.354935697855
22.374138663162
22.564856929895
22.511887768421
22.523765703833
22.585355826846
22.58960891666
22.553685026939
22.521322027072
22.555358433375
22.44823932353
22.494346441126
22.328617110142
22.322336123405
22.412066769126
22.543177433924
22.51257011738
22.445492454864
22.423117240337
22.468687618473
22.41242490379
22.308767629674
22.302473471043
22.238721847678
22.282629451293
22.473814836757
22.513213728545
22.348672579134
22.296538654565
22.452167686985
22.299620053339
22.258462409614
22.20098688497
22.261569781741
22.519410842467
22.478889656001
22.416622846447
22.381405396536
22.421040695097
22.191978341419
22.189383359371
22.315184129892
22.277823653324
22.169171222022
22.103972092338
22.18108401291
22.169753976629
22.295986490404
22.306366908248
22.442081399917
22.386833912774
22.120657738557
21.995627531613
22.162291372877
22.27852695721
22.219956433373
22.205655066108
22.256607996879
22.234729714269
22.175494285163
22.225806730497
22.059297649983
22.098483247129
22.041137516903
22.052267761711
21.64015749973
22.550482002349
22.285407954192
22.162636777482
22.210268199765
22.242968578203
22.088333971465
22.327932077661
22.436234779406
22.429116519707
22.585981143564
22.772563426832
22.473474770233
22.618944298658
22.402645392137
22.281976588275
22.456729928439
22.637646430904
22.485909614113
22.481346052461
22.606321849196
22.479104731919
22.465337382726
22.471386948688
22.517516588563
22.575710125975
22.52968501188
22.43680349412
22.429058459152
22.40756684423
22.606814734869
22.482480096369
22.397214909386
22.390357651535
22.443728583512
22.381111789032
22.324598308988
22.234241225461
22.235491043939
22.297794872619
22.41451269532
22.558811598895
22.426942466582
22.312913446124
22.408877565579
22.297540334176
22.223595924057
22.17515596707
22.395194023527
22.360384559324
22.178896129833
22.232309471162
22.37022798156
22.25425485531
22.122480720795
22.15306578452
22.17342872789
22.300878058011
22.203879771532
22.111208529331
22.05459930335
22.244851374095
22.454608790288
22.469238101229
22.398247927051
22.320166059895
22.10363803094
22.149462656936
22.225294963388
22.331732176722
22.151076128354
22.08058877068
22.309557719976
22.261360581557
22.347535861096
22.254459052932
22.050811030424
22.050168836931
22.066611499881
21.991073435967
21.55553075631
22.593205021418
22.508141352888
22.254630937056
22.38190084603
22.353831082336
22.302536676503
22.409773774766
22.424999651441
22.348750861543
22.747443376852
22.712013649196
22.317327693979
22.478207763377
22.399472966354
22.371783053539
22.514851589361
22.543831012438
22.427956031943
22.563642115387
22.464762435214
22.440253709869
22.379873479924
22.274636567525
22.412277860725
22.547497656244
22.60238428535
22.315074346155
22.369040783087
22.543460214298
22.727099430074
22.674739305711
22.494391105333
22.511053938912
22.536857130456
22.523126903909
22.2894126247
22.348352740027
22.321442679244
22.275666103001
22.155087961752
22.342520491639
22.535475682722
22.499990161651
22.439810849894
22.484912683344
22.478568422396
22.420106603917
22.290173777365
22.284715924774
22.060451560513
22.224937884143
22.295673635934
22.155589419801
22.242095507691
22.062787127205
22.198020532686
22.280890893119
22.231988704735
22.056114396466
22.19011713732
22.40544029501
22.322850260955
22.154341731636
22.145250142336
22.148256703071
22.093329698389
22.374354836138
22.336502655208
22.315568923333
22.254738854603
22.353829967082
22.386946089467
22.044541887858
22.191994332433
22.245291491009
22.130196791261
22.117849983604
22.083775123245
21.792231338995
21.293703367197
22.642051995914
22.603835329216
22.549648622973
22.514040552162
22.401673388269
22.483916331251
22.359471629149
22.290232342696
22.319151195541
22.628377525823
22.571803845242
22.387465476112
22.304566298861
22.372971518521
22.502993838958
22.635165109089
22.591891665991
22.369569387884
22.407409451459
22.436679514039
22.311931435497
22.289260348777
22.291188522975
22.332517892694
22.519247237209
22.592793721489
22.635488904633
22.416470309906
22.540723530523
22.774611311908
22.557282434023
22.467012865698
22.476701293105
22.519202054785
22.431254190983
22.240969122589
22.325188604855
22.293524857985
22.145213571897
22.095572491335
22.15843785715
22.250655736858
22.351883214482
22.365955183113
22.482415069546
22.324239806976
22.189083369508
22.046514381468
22.15316470306
22.122809792549
22.12633303392
22.217140910075
22.322387950698
22.319098206296
22.130619172523
22.172034969707
22.138378550837
22.14095800152
22.206143020121
22.396016479626
22.524525825811
22.283670528786
22.057824079868
22.100602194861
22.259061220715
22.218941677147
22.336960155429
22.252598985762
22.358121361994
22.144572514093
22.321885194231
22.253134866748
22.151124469895
22.123711506329
22.010503793544
22.17765477407
22.049531234698
22.244207122657
21.730006484661
21.142572418426
22.575606534854
22.609886102169
22.553281823322
22.538198153368
22.660989523017
22.625720493731
22.41796580887
22.412557611817
22.453950939796
22.4632832048
22.188834873418
22.256725837659
22.317925305718
22.472410927514
22.51934893678
22.535903353362
22.537958087382
22.402067131827
22.484164391376
22.432858243412
22.292545273066
22.182195141605
22.202437753558
22.351396082405
22.518527472057
22.81386349591
22.942398904462
22.759668650847
22.695214754116
22.673404794632
22.575723756604
22.361906274805
22.339256858153
22.256306446085
22.193513905937
22.318679335021
22.326719319831
22.159774306669
22.038329623968
21.980250791395
22.053046075025
22.272273072019
22.206012263962
22.202377946938
22.200283838873
22.078361556422
22.078084631665
21.964189848868
21.989759740518
22.036266665524
21.92226484
21.999187948209
22.191923275901
22.276604945817
22.129879244289
22.104425875886
22.011520091387
22.002464388765
22.160826256104
22.222616727445
22.30916908131
22.265987953759
22.150136691041
22.105575750934
22.224151900809
22.28044627507
22.188579719255
22.157049801984
22.100559264568
22.095734415407
22.145963844565
22.059787358044
22.036833512504
21.990831047782
21.889202019262
22.059663234436
22.23139449145
22.285493541663
21.928335652475
21.194039799211
22.676524829497
22.580562249143
22.469802349002
22.454894301707
22.498380724186
22.569881788304
22.511114367967
22.41653505475
22.443484234559
22.36734122248
22.185095958234
22.202151772514
22.24429712987
22.241906667368
22.324219705876
22.307444633237
22.313446196054
22.260827157984
22.384343695777
22.361946540363
22.258393547358
22.169745074053
22.344761344582
22.368717098037
22.615041117506
22.728018870588
22.79085165171
22.695303945062
22.667327657412
22.668054449822
22.544893600815
22.467128535648
22.24009286608
22.269380438535
22.178226096541
22.074590529996
22.139276333776
22.157500731297
22.075857687473
22.01451768256
21.962394394395
22.078566280648
22.084053685037
22.109210467318
22.057331580415
22.075326079507
22.01575702515
21.971751310266
21.956999158637
22.064024587999
21.989763212314
21.946951592627
22.263130557995
22.362029344895
22.028681243782
22.002788716223
21.964687981431
22.137030913234
22.01077175604
22.040419125958
22.040353323254
22.165535535856
22.19135637128
22.216056266745
22.320427105145
22.257303560646
22.115133040181
22.018507632551
22.195911568633
21.974952142708
22.000025711995
21.992728942633
21.926331802026
21.938523264687
21.905692392967
22.093656263862
22.025091075681
22.219003170256
21.798717260484
21.187981348171
22.580232578516
22.614943263184
22.474687296364
22.408054835949
22.502734028091
22.462569607882
22.588970058815
22.696493430571
22.66950445246
22.445376204647
22.2908284566
22.1641469421
22.120501027949
22.104970816603
22.111587931293
22.15391243902
22.081348405255
22.145100479682
22.258688405566
22.417210172927
22.417097179756
22.352112222494
22.34671437195
22.368570360062
22.74323194015
22.778783606756
22.567655321408
22.448326781046
22.485896981056
22.51900808279
22.377499753726
22.290948706514
22.241960737962
22.355763071359
22.310822738862
22.220700631977
22.067494920847
22.114220158559
22.00992684308
22.04166978036
21.880617973781
22.02787841201
22.104631858225
22.04405531798
22.0150604911
22.104843550681
22.025940545755
21.947510641116
21.988308795743
22.130312409862
21.857846945595
22.113933380084
22.434587575543
22.232749943212
22.026475636705
22.156055639908
22.104390992735
22.190093117025
22.090293329123
22.000267085458
21.955389340199
21.859767161611
21.981554384397
22.173176726127
22.148514885292
21.980173686808
22.050126154708
22.039059044656
22.01362450005
21.968710528038
21.956270440169
22.007329413301
22.04142224207
21.939214276492
22.035076656734
21.939345453965
21.910824856866
22.145241099652
22.020859841159
21.198467337532
22.619007463077
22.555194703231
22.657312276903
22.837558846002
22.806199703967
22.790234735027
22.738216332577
22.895549922865
22.907727399251
22.566957200845
22.370310106308
22.125576413258
21.99781846282
21.909432273443
22.064101304804
22.134325286162
22.121826127169
22.066899791114
22.178073500155
22.321871385516
22.430932864426
22.325116877544
22.314454576997
22.473439467184
22.637986940594
22.687900198038
22.407103626874
22.332971456954
22.293272872342
22.462529611224
22.315332211776
22.205898099768
22.335887306052
22.974108903505
22.474129167506
22.203801202805
21.974128890254
22.13612932994
22.119457171352
22.121787711468
22.17268538465
22.199963935917
21.97763388563
22.03023055941
21.961041104317
21.974801511908
21.959903954494
21.900388160592
22.05853809815
22.190440009396
22.019668131021
22.009414541493
21.962085729404
22.020337086153
22.036649858719
22.134224556966
22.153461077606
22.037261192349
22.190386329985
22.050157159831
21.989400114721
22.004962851878
22.160698169176
22.039525557604
21.975862852146
22.008104309859
22.109291915776
22.172994536639
21.875296811265
21.946747085191
21.935979496169
21.953110156379
21.941664463718
21.930063243811
21.927010272667
21.946125334793
21.987276855686
22.148952458518
21.894983681403
21.307691448148
22.276172258797
22.698911562856
22.712954253032
22.965815114887
22.998706060879
22.931607276787
22.752940995599
22.691097211188
22.634482855541
22.513763240492
22.439056492636
22.289731675499
22.041786501894
22.0988832685
22.141274037377
22.160330185824
22.146364947923
22.054855385479
22.096461059697
22.130756268536
22.371898362048
22.250375718501
22.302270848266
22.54794705109
22.759553937486
22.564444487211
22.270777033513
22.295684970665
22.40344323133
22.473430438525
22.301157682501
22.201871834224
22.360003038559
22.475885475746
22.248353505886
22.276482821144
22.030714455221
22.071306303062
22.027964431172
22.015399139165
22.015153311161
22.001269585279
22.008211733491
21.98433714758
21.916347451536
21.854353582301
21.965824533999
21.862095560853
21.970920754702
21.897219995658
21.938143948122
21.923015740467
22.02691816577
22.002485896016
22.023357057103
22.083185495158
22.107679341005
21.95030033759
22.052995735785
22.184832110776
22.162255469013
22.110441468095
21.948388129785
21.973916005328
21.970103240347
22.090977135684
22.183576856727
22.141896639829
21.971650442439
21.884297619323
21.890176697843
21.840024743828
21.858367170966
21.956949380737
22.033915064827
22.026604111725
22.075678648162
22.103246490927
21.875194293702
21.155301799398
21.990974028564
23.035030590172
22.8187654365
22.654681848236
22.820435735795
22.783952036911
22.595365401673
22.376262212412
22.350818429631
22.559796903901
22.587111519813
22.325503899222
22.227939601737
22.24908644659
22.183933815112
22.039788797209
22.173898614557
22.159903699691
22.100608932645
22.124569574017
22.2397226052
22.197402918896
22.524098072901
22.573387716729
22.575551785117
22.393433450172
22.376757268619
22.349960336974
22.321011012256
22.376758995223
22.383466697401
22.330194549912
22.347566592885
22.302029582618
22.231278945206
22.163223413224
22.016325544141
22.081147856642
22.012624385353
22.010239804674
22.082240843833
22.171347973157
22.030861546598
22.149206326448
22.162252740491
22.031091217432
21.987895527796
21.947595927098
22.067546666291
21.938001708036
22.055128740111
21.923320462186
22.201079663608
22.008606418554
22.124335849056
22.081116411127
22.129307482193
22.14350461204
22.024731444054
22.110749514659
22.151322946045
22.246477951589
22.156953362844
22.016835043567
22.117097975588
22.232901395319
22.149696815541
22.115762827852
21.977133597994
21.898924139615
21.865134113455
21.883727140826
21.844704953056
21.964938981726
22.005171578878
21.910704036976
22.01361201421
22.196796712674
21.742910776101
20.859327615278
21.830060782567
23.325435807227
22.722906336127
22.497618451545
22.730517264506
22.538234687414
22.388615516553
22.325791187234
22.289087800127
22.451616807938
22.507333443875
22.299644045927
22.19476458722
22.183122479211
22.098003767463
22.053973220361
22.123740102623
22.069611148648
22.241770575989
22.315773721351
22.511509528098
22.448192355711
22.515905466428
22.676276847598
22.682701914952
22.470983648133
22.501399890643
22.414946087573
22.443169946282
22.288540979686
22.172757904036
22.093430940374
22.131015140221
22.12043498164
22.197107467949
22.13066050019
22.221702279058
22.167493695806
22.184896869944
22.203234277195
22.279411954682
22.359478884859
22.293102133654
22.199791094266
22.355272575089
22.11626572717
22.013722895579
22.021715919672
22.218107189646
22.148980349808
22.277827131358
22.400090165534
22.227234630504
22.189297188154
22.325186128377
22.189150844747
22.120849799095
22.323479184938
22.089531306142
22.139512418115
22.216741409716
22.335790987342
22.146526663043
22.039756151843
22.018146576366
22.259319097805
22.105740061197
22.02306986157
21.940899055292
22.020715399799
21.939662026425
22.079791413053
22.013480370837
22.033058932124
21.968283495019
21.955921087537
21.991476140486
22.106107046392
21.715942002775
20.704046298092
22.065320098498
22.805986006085
22.486496358987
22.509059850202
22.511253561136
22.29980450914
22.257138587744
22.160051213585
22.157059939454
22.280945998674
22.147581325764
22.313306678351
22.418524842423
22.29803182499
22.091866144091
22.018536347116
22.123062293504
22.085923797443
22.011795654667
22.299316772449
22.529997983313
22.484595969622
22.361382022747
22.557099617225
22.699563453304
22.568793522936
22.539206896311
22.444585062388
22.472447502446
22.222156930552
22.108572831393
22.090997805436
22.162742002993
22.185308106111
22.2518319306
22.265138712247
22.359188334392
22.321613276269
22.23587482028
22.246814722211
22.139818338019
22.21012900793
22.220743747238
22.173326718129
22.193930898343
22.187629059107
22.09483986194
22.018720466359
22.178570457066
22.115965003247
22.208933870747
22.274511702471
22.326939900386
22.374653619006
22.299848788436
22.253329264611
22.36247088654
22.38774189814
22.384396916327
22.195542649249
22.356948637466
22.300983670816
22.279882848289
22.262902445626
22.090233530048
21.981493552838
21.933211046073
21.966115133753
21.950613290811
21.952187681408
21.938541569671
22.019254920794
22.042970337021
21.9344163811
21.975152587878
21.987732897243
22.039053913503
22.413739089165
21.826618422398
20.740723798497
22.427477892391
22.902364604768
22.452996698493
22.427427833951
22.246654635677
22.173577437101
22.052022596599
22.18298594889
22.173461405856
22.2193808876
22.140982732911
22.185432032219
22.212223098094
22.286638361464
22.105534142132
22.040301383123
21.993082693054
22.050514504534
22.022791560292
22.297032675056
22.457659001116
22.230632243721
22.307367734401
22.204944275859
22.316503698899
22.525060539796
22.516258157417
22.410151514279
22.259634704453
22.292760730278
22.22690054323
22.12905967108
22.164903957877
22.331949378499
22.334043832643
22.339143833338
22.283743826283
22.261135748184
22.221644904068
22.3445138893
22.288481940597
22.10444023409
22.121376373909
22.001296054244
22.034891692211
22.110353925003
22.069196340419
21.984577017393
22.053955253554
22.065922642939
22.063645984419
22.213407522564
22.419128291634
22.36915226498
22.378957157103
22.431204221382
22.404968725998
22.561784263204
22.539364997707
22.330555328582
22.40910877403
22.503200564233
22.429461501956
22.282571377836
22.066595916803
22.001892509569
21.968842330716
21.987479850176
21.900021260998
21.874055648694
21.991441849638
22.089736685845
22.086334845769
22.193555399508
22.379260292299
22.229295087122
22.317194336653
22.555564470326
21.758426485199
20.832025455262
22.471600143616
22.539030076236
22.472272198466
22.358585040948
22.173805613072
22.120495329873
22.147863067214
22.145196581594
22.101689403023
22.201417588053
22.217422254879
22.09718871188
22.086916888606
21.982558733389
21.871604509772
22.029366362245
22.044183328952
22.082968091875
22.037197906916
22.268387096209
22.299354099051
22.27917739132
22.273129613801
22.116666327909
22.263900323693
22.437292077275
22.330566889961
22.389868882994
22.432713679467
22.384030514971
22.432865551617
22.323975928604
22.216552051131
22.316722652845
22.182628274598
22.151086435457
22.222180087085
22.297429772
22.235031141441
22.385726740674
22.392347778171
22.277796946844
22.23672110588
22.230409255143
22.189327736634
22.130532170974
22.232259095147
22.125299455614
21.999542696458
21.943307300288
22.085636451603
22.163605985194
22.426500735268
22.567554216929
22.577898576426
22.596756067154
22.436779541858
22.435989488139
22.556198654209
22.253486327875
22.261262656364
22.513506614438
22.449305716701
22.516476603787
22.291872469105
22.114635448396
22.100690355078
22.123451948
22.07414615302
22.010314628606
22.117036045814
22.110398266758
22.150449167791
22.31659059699
22.383270212446
22.452845655728
22.425027118777
22.299807534542
21.571676470788
20.88233995148
22.364225824736
22.464237416872
22.324137248065
22.366861458569
22.142820696159
22.13257077491
22.097054866429
22.238731272605
22.119431458317
22.127227819726
21.97182596224
22.095838791397
21.986346092948
21.954941176773
22.049182445931
22.106080489187
22.122153729722
22.187250346456
22.105659623472
22.334846491329
22.35803043665
22.554615329669
22.439785586819
22.244018885342
22.277136429296
22.455549357761
22.311902096153
22.387267625226
22.471850884479
22.350250106096
22.319329719423
22.387372072605
22.247841550041
22.268399229937
22.340647347446
22.160176100828
22.362462011277
22.413514614904
22.407190642816
22.482214554305
22.443149224505
22.387852676247
22.504460019818
22.422258203133
22.473557492745
22.357882939088
22.360051784235
22.27497240463
22.270904514516
22.166087735252
22.18233507587
22.219195941921
22.332006780868
22.417445183431
22.530268678014
22.501413374448
22.388966866059
22.238964909271
22.335180221114
22.235486403172
22.281289014479
22.483788332445
22.49320695994
22.731055093911
22.837438755535
22.516967056902
22.345401981949
22.212793304925
22.329806337698
22.220153872126
22.131132493511
22.105641287969
22.095248054021
22.261698268664
22.376593812193
22.543165171452
22.326812634075
22.231092229275
21.825777942497
21.198324801935
22.405994074097
22.460452822544
22.289810578696
22.177623379101
22.111071805886
22.069785859684
21.963790289629
22.06319901764
22.045475158278
22.214285399108
22.042624686792
22.218515110579
22.174059913673
22.462426458798
22.836706715918
23.190704157449
22.603489771541
22.760948108909
22.681655727835
22.818538973165
22.81022238944
22.930003976736
22.706026157156
22.391332166525
22.533791071818
22.682254330358
22.613884562272
22.563409114448
22.559601547566
22.461051633107
22.33833320321
22.257697470759
22.375550714318
22.412229658815
22.411418244332
22.392867532518
22.444297703448
22.474767630385
22.44920601046
22.536100009096
22.487714664607
22.493572910558
22.669044141284
22.591118213503
22.598745987195
22.470857322599
22.456374102328
22.272896762815
22.410911968012
22.571953715209
22.485591216034
22.41212439446
22.451124351667
22.438854167161
22.32240987034
22.421483235187
22.515474793999
22.324115013874
22.272619489121
22.145453349392
22.217953409994
22.416844704451
22.584557024086
22.579978812723
22.837116483303
22.772039576215
22.600318303175
22.389266651019
22.360471536693
22.400445483713
22.414599043766
22.080162357608
22.246110202091
22.466953283656
22.541095692082
22.548254855183
22.513839409211
22.376546452044
22.096999127989
21.441488345319
22.4887219062
22.477190680093
22.375169231751
22.208285739338
22.128595023227
22.059219533085
21.894060130967
21.929993585266
22.216800653574
22.286252686482
22.203467564161
22.220320037427
22.311601953106
22.141613688282
21.998655228223
21.696415814756
21.857137972542
22.04731882977
22.129083981254
22.357014422146
22.125522190225
22.203084660506
22.382701634012
22.440462156044
22.404992359038
22.44579455486
22.448353372665
22.546401163678
22.473172182841
22.429286771895
22.455220524494
22.362291940446
22.471484595291
22.514543552026
22.501349399127
22.427155612932
22.416744994781
22.476955296902
22.422009841806
22.417291210402
22.374562291135
22.283133085014
22.310510201704
22.393485788628
22.533260642623
22.384293700172
22.517423051795
22.420340368963
22.557953523781
22.59631397287
22.597506459108
22.566842223233
22.523298392039
22.371968993184
22.438535309141
22.514512600549
22.477102835275
22.648101975101
22.459691076622
22.466221072932
22.471510252335
22.578341221812
22.505035833162
22.45340623099
22.442682929599
22.529897237341
22.645775940263
22.467930825504
22.471597547848
22.468291172153
22.364394460029
22.157215088475
22.190262131963
22.247275741629
22.2914813316
22.434654303415
22.457274844205
22.461120742041
22.014450319321
21.505689081006
