3.0131913931378
3.2934096416311
3.487511815632
3.4058392926104
3.5007322241797
3.2045231556942
3.3460089195812
3.3303364365783
3.6911213571568
3.7150326235798
3.7152862763443
3.6467245572375
3.7910260869248
3.7637908257732
3.7424128989892
2.3153243093857
2.3727012844783
3.5820693823807
3.5983148732202
3.624765727739
3.6516669383532
3.7553994146342
3.8789857929505
3.8770440340191
3.7316067618641
3.9874731393876
3.673882139682
3.7786299116797
3.6993600075245
3.6107755069468
3.4404929328368
3.5043748399165
3.5277962737567
3.4114706858816
3.4940796542235
3.6470026336234
3.6034142860272
3.4454055585177
3.4677775366966
3.6334892235608
3.5374957285424
3.5858231328464
3.6554591585296
3.8641267845178
3.6103555012741
3.6362431989827
3.8619673009599
3.6284431739688
3.4861933206445
3.3799328377895
3.1571954504372
3.3785990796976
3.6746406845105
3.7362153446078
3.533852596026
3.562118489185
3.9113631171928
3.6964769367024
3.8090969606191
3.6323887946704
3.8677089967842
3.6910227107296
3.4569401043599
3.3491207001653
3.3044150205322
3.3881840902725
3.7356727082298
3.6154732112037
3.3084063353407
3.1829126190001
3.0226713284723
3.1089147731878
3.0722355890094
3.1669296907903
3.1063018909094
2.965305350471
3.022972510779
2.9369498866494
2.9951457771288
3.2916450738541
3.0741305175307
3.1868693813353
3.4496203259437
3.4843737718186
3.4527096766764
3.4182270968907
3.1927037235544
3.303904321004
3.4148224242866
3.5536843512809
3.3332526093644
3.4899793648603
3.5178372017662
3.3548872086481
3.2875851980093
3.1915637425816
3.2254172993394
3.3322463349042
3.473910623332
3.2554030771845
3.4354978915602
3.3839006489124
3.4474089011559
3.3431771563092
3.6006103097382
3.7976153995004
3.4652783191744
3.7596812078547
3.4576345921539
3.6302928857289
3.3239792380412
3.4123847392882
3.2362368761432
3.1936975467115
3.3321175007919
3.2941298847822
3.2864414215677
3.2696129731966
3.3290260797103
3.2689987174863
3.2186260570944
3.2762847001032
3.2952127947926
3.1922827488404
3.4085519579565
3.41905854151
3.5871024032455
3.3517178885929
3.3328838135464
3.2451701425483
3.2060848221113
3.4345548704798
3.4400121848509
3.5423964773996
3.3116070174112
3.3126426236008
3.3095801124304
3.4904999976512
3.357883309006
3.2788005986959
3.4980519136907
3.2988777978353
3.3631337828143
3.2957270236672
3.1374352903874
3.4679201056398
3.3512247696916
3.2729979397989
3.1659694623348
3.1421937063457
2.9806987655597
3.0950002374984
2.9847290109525
3.0094816747442
3.0202998048363
3.141115905338
3.2387460535456
3.3727677368548
3.5217006757189
3.4788141810808
2.9578402276032
3.3039092233073
3.409326737356
3.4122837276667
3.1607310473067
3.4166071351759
3.3059964378673
3.2949701380735
3.4027095133091
3.5769409938767
3.2901712788124
3.3691363308071
3.436270097236
3.3807991616485
3.1727168137777
3.1936129036212
3.2274083235947
3.2682701732637
3.2436822148276
3.2894462465055
3.5192238967572
3.470901546141
3.3279058730862
3.3059784339141
3.5842415785031
3.5142509340955
3.5027322587097
3.3241377903236
3.1846298735508
3.1746834005466
3.2229795034523
3.1668422035357
3.3634578746322
3.2719654141305
3.329950607032
3.2785064313739
3.1517860400648
3.1224696720155
3.4415127469688
3.602328201843
3.1848198136813
3.367324892718
3.4156155588492
3.5201031672292
3.4450578056941
3.4421582990435
3.4279619742612
3.4133524814065
3.3827724746508
3.3410685799712
3.4021595166238
3.5424778571868
3.5938287000813
3.3708755575904
3.4263639805307
3.272896343192
3.457553193556
3.375099880542
3.3320560188321
3.4231974864386
3.3181241242208
3.1494464081534
3.206126438762
3.3109248546917
3.0824863045565
3.1754156314132
3.1994996595728
3.1513693840598
3.1261619994521
3.066150806421
2.9967105250287
3.0289237700743
3.1121527322088
3.1080694717794
3.0661720300782
3.1369471427857
3.2683454531988
3.3118241691191
3.4052402405782
3.6545616860791
3.0582201228759
3.1818905175095
3.5133679654891
3.4586154144669
3.2614196766397
3.15457619633
3.3697916111149
3.2058632181662
3.3193115254027
3.4514882042551
3.4406752833558
3.4619280084083
3.5370295718678
3.6423857915546
3.5006834202293
3.4412087672228
3.6064856317598
3.5212298349123
3.3372189204202
3.6642031699814
3.5007482107606
3.6234895763918
3.6076783487001
3.3881636193044
3.8024530978178
3.665661577964
3.7344035134855
3.4060186440298
3.3084475143434
3.2558600704915
3.3016322270615
3.180981175384
3.3913296397866
3.3703501277898
3.4347092970269
3.3349478950764
3.4110914669685
3.3711097409643
3.5497715705129
3.4455986787307
3.3840643043726
3.4364681457902
3.5583721780222
3.5327998206825
3.3743795726351
3.3884781298426
3.6089241194896
3.4700509728661
3.3171435371778
3.4862795354301
3.5190280506085
3.6774046211898
3.4832142417958
3.3387594566468
3.6224827844103
3.5786108810917
3.5252116476673
3.3856248368643
3.3329284455408
3.4482472581209
3.2633562553548
3.2257755886933
3.1652633400604
3.4073930308101
3.1860253653756
3.1728910248052
3.1405788362892
3.0001178046615
3.2087385885175
3.0744540825005
3.2062751638187
3.0699762553638
3.148038126704
3.1311384711518
3.3544773984148
3.1942981096154
3.4183468510101
3.2117016910029
3.5888542851535
3.746064539373
2.9095562062239
3.211320657246
3.3134929615584
3.3564896305663
3.1364275261035
3.0949117871067
3.1856889878568
3.0891372678225
3.4562832888097
3.3098003351879
3.3653498212318
3.4843784437255
3.5277672257306
3.4964662058467
3.6427807975762
3.4019626110916
3.6038825307892
3.5148344127597
3.478482488671
3.6361359812351
3.5997414070058
3.5297917016503
3.5913663598056
3.7343869495451
3.8311098312278
3.7557748988061
3.436636636055
3.4216861612294
3.331086209138
3.3558100227468
3.185088897887
3.2302290883721
3.2678832145554
3.4220303373723
3.431900827868
3.4431291784474
3.2912880450173
3.5083473850233
3.5060235599833
3.3331297905314
3.1924631381768
3.4923778240063
3.5683041314557
3.548293557492
3.4366607949178
3.4912760557196
3.4133483891119
3.4531715731719
3.4253534329691
3.6565403328493
3.7786699299466
3.7019070537513
3.625809508754
3.4454987052407
3.5095519400773
3.4185372645828
3.2928411591354
3.1437046380363
3.2164839854135
3.4190788707798
3.3106306886121
3.2250070092938
3.1886370550042
3.2376872835315
3.0144751959324
3.0455586776055
3.0603328930689
2.9437196137955
3.0704823003826
3.1579485928512
3.1689338067894
3.0651020555184
3.0763090782511
3.209513511565
3.0292178720027
3.1386922571041
3.2144851853916
3.2507401016974
3.4400011022162
3.75506226772
3.0262199758795
3.38289756251
3.5729019518402
3.3115273669458
3.2103614355317
3.1478940640682
3.3121456765077
3.1221942555553
3.2744423489489
3.4197260712307
3.487946922416
3.4617077906297
3.4357936274427
3.6328727346983
3.5023968248545
3.4664516154098
3.4636055642721
3.5784953770511
3.4288898832687
3.7112299330054
3.7518429302158
3.4477225901767
3.393822667244
3.4871328372155
3.6443276031342
3.5826387697298
3.4314958600366
3.3196069291961
3.2864067143777
3.2782231161219
3.1257632498952
3.3170057448138
3.2503852228118
3.3672634286018
3.3505726816641
3.440629238122
3.2221063499174
3.3615298053395
3.3420191072446
3.3676446461469
3.4490566228474
3.5533927112953
3.5339494167486
3.3675742285367
3.328692449849
3.5636393780452
3.5606040046506
3.5543030844721
3.7098701122882
3.6338279351149
3.7386650693861
3.8494047230786
3.5032398260697
3.3664111172149
3.2601193438384
3.2987903795747
3.1980545668744
3.1377485053102
3.1581010338913
3.1648004982683
3.1845019955313
3.1488370523236
2.9548304606043
2.976803508724
2.9633703313606
3.0080128408993
2.9906541004055
2.9213799600773
3.0695633970139
3.1997770893125
3.1228853248362
3.1152604083941
3.0508567187609
3.1330643770543
3.356770601819
3.2539524545634
3.386659724473
3.1698178876323
3.3911169406608
3.5344784690449
3.1419606195649
3.3878461088546
3.3696157109538
3.3975900787584
3.2933612623104
3.1933262739462
3.1707542028375
3.394246337282
3.397196992596
3.2979865795834
3.3872992680921
3.2346160744687
3.260700985363
3.2742119748165
3.4051216106369
3.5174128403876
3.5150721563691
3.5596901637641
3.5780644168064
3.5462222713221
3.5235632543015
3.6534553956324
3.6738936841083
3.6862186907588
3.5482305678529
3.6163622432598
3.3938146496687
3.2983182568234
3.4658219476718
3.2794940659295
3.2989517438671
3.3101037140247
3.2795330644537
3.4395616365779
3.2709502439102
3.3034157589244
3.242701392163
3.4793185706377
3.4644206164004
3.1800045389249
3.2085038967085
3.3329505068108
3.4313668369353
3.3411746213985
3.3784230644459
3.7232264749054
3.6364692929542
3.6613600453132
3.549011827885
3.8218996831254
3.6330997614504
3.4486910031741
3.3286180910254
3.3794740827842
3.2554975438352
3.0681228358353
2.9909961308562
3.0382649328632
3.0080975618879
3.1490732543556
3.00431369303
2.8820212174892
2.9376865675634
2.8990698857734
2.9931245653702
2.9150023495617
3.0070005843472
3.2066556554389
3.164698089031
3.1855041203732
3.1567242645897
3.1646054050628
3.1734601851956
3.4310174126792
3.0720364687898
3.2907755796244
3.3048023033695
3.3421134185395
3.5518024177858
3.5955522546887
3.1545262093011
3.2766746281867
3.2990979413041
3.466425048928
3.256313505391
3.3071809994722
3.1952676543886
3.3011653659563
3.5280975881755
3.4880361429471
3.3639664976988
3.1973309331388
3.2191657858303
3.3761415669318
3.1849581537264
3.4045261717648
3.2265455531558
3.3335945618552
3.5195056797391
3.6258305022682
3.4089073373397
3.4323937003139
3.5565022210947
3.5528853986731
3.6384697808436
3.5741222880678
3.4178985904848
3.2911811637037
3.2168650294786
3.0277661780599
3.2641555434696
3.2159733774294
3.2307290925568
3.3706725495725
3.2857378270249
3.2780860681331
3.4187006947167
3.441897698147
3.5001997614228
3.2180143150832
3.2224550994728
3.5234933263826
3.5525731360221
3.476375260146
3.5093530869595
3.6037345634909
3.3761288820385
3.5854487785056
3.5087438147221
3.6826793404429
3.3873496636446
3.10471084097
3.1812754801939
3.0433991707506
3.0552165960543
2.9460507115997
3.0456762541488
2.9126373370513
2.8352555957541
2.8902790962924
2.936589779551
2.8838711601808
2.9743940849949
2.9150458405436
2.8795604051444
2.9586811254605
2.9786127976697
2.9328490357414
2.9971814681337
3.1329099064372
3.0498961877292
3.15264368577
3.1888525130515
3.2847973866166
3.1820800429397
3.2176375798548
3.2346310877023
3.2306236048828
3.3708314859051
3.433385306752
3.276757698485
3.1938559485505
3.3578702757336
3.3343959697792
3.1991031711578
3.1015061918377
3.356062957229
3.5425360838599
3.5550568306182
3.4065788458581
3.2425627423305
3.3285317426832
3.3000660486282
3.3083191863758
3.2515240509385
3.3757241211595
3.3368900330228
3.2828880960455
3.3355329426028
3.4110876210794
3.3510465655947
3.6152422427599
3.5679041393855
3.4631974555606
3.6334883465672
3.6714588990354
3.3987141282423
3.3516288789251
3.3856613713295
3.1746809867039
3.1891543215143
3.3941358339008
3.2768411807438
3.290815535313
3.2451560227869
3.3324472658261
3.1876595413291
3.163708683542
3.2359817292043
3.1500063070138
3.228240713284
3.3634496629346
3.2571998678071
3.2584012241598
3.4293522390147
3.3530993541183
3.5674439754728
3.3077548329348
3.5930310182684
3.4752324226025
3.3324332320684
3.2244307478065
3.053451640375
3.1907185475732
3.077136552062
3.0486958253597
3.1979583230963
3.0969986492854
3.0544771947674
2.942750495979
2.9122472726573
2.8810706839905
3.0186682833427
3.0842676640506
3.0493246210139
3.0987276084768
3.0255604588729
2.9530496794104
2.9669434137315
3.066200265695
3.0702845317575
3.1303736960218
3.1908843359857
3.2218812550592
3.3010934867801
3.2573147746074
3.1617279702679
3.295177590733
3.2901980859775
3.6260477390709
3.0133475196613
3.0703855943333
3.0560570448887
3.3273438684286
3.1821643826222
3.1215247639372
3.1375987360935
3.2917711005134
3.3955931527077
3.0691572062146
3.1948386003592
3.4060795165906
3.2367096267757
3.2797568567534
3.4235667010833
3.3778903507075
3.181879395358
3.3010720408445
3.2367590294835
3.2008586459237
3.4658513832714
3.4508646946838
3.3983850943419
3.5097589330981
3.4672982222731
3.6188507890521
3.3559700351802
3.2919219472783
3.2827112976746
3.3163239818186
3.0559591165067
3.1148378103846
3.1243653656498
3.3034577668184
3.1902894234307
3.2110508707722
3.2253460183331
3.1580430471315
3.1157988154992
3.1735595853544
3.1473075468783
3.0895760862291
3.1796058718328
3.1438909513303
3.2908572602271
3.5132789703891
3.3763710891426
3.2751393472566
3.3694207640369
3.3679832383383
3.2168051095781
3.1176713338839
3.1017664393219
3.0555460004934
3.1926929867914
3.1253208640634
3.2367783684557
3.3480520101393
3.1249750587018
2.9789101932858
3.0458098123572
2.9694140720095
2.9882131070924
3.1067888161924
3.1929875414238
3.1880392748637
3.0836941291944
2.9216264299401
3.032372438365
3.0830886849856
3.1607533375062
3.1993206451635
3.1216271149386
3.0765232405442
3.257016460861
3.3932470148596
3.248933242407
3.2741860549249
3.1868429855222
3.5840398128478
3.074715084691
3.0441275872402
2.9766117405792
3.0979828759825
3.0919679986898
3.2597487401096
3.2153811837967
3.1072931033682
3.1487336372282
3.2169435011957
3.1477669373998
3.2046184770243
3.1616222042802
3.1075459326655
3.2702169300946
3.1524710840486
3.0075941740291
3.2078430013447
3.310226614285
3.3250729846864
3.4711009029401
3.5482132127161
3.5665443598939
3.5083272708489
3.5052607824645
3.3863744812672
3.2998318906451
3.170115586168
3.1639782734535
3.1085461725867
3.1147216856286
3.1866655371259
3.1989817681335
3.2379572620223
3.1381854636873
3.1678483024089
3.3986464832153
3.2835074263797
3.4213922506785
3.3305437784884
3.2227651666553
3.1410481508006
3.0749091506238
3.0959109915375
3.1421947623911
3.3037777642239
3.294494209402
3.2665861170913
3.1915303909982
3.1558483106132
3.2194906937812
3.1394818183911
3.0995321172314
3.0745541297312
3.1866826945907
3.1193895133771
3.0246549565031
3.2094637489229
3.0341473954333
2.9528136225518
3.0432401339279
2.8577997532363
3.0130906559117
3.000276697427
2.9632171274567
2.9669351984877
2.9428967775885
2.8045415926959
2.9387246178122
3.0879411729777
3.2035808770948
3.0897763906005
3.0537147049323
3.1854926510045
3.2570385431977
3.2881139113765
3.5204825094064
3.4303440640756
3.3157081841649
3.6649914579611
3.0779750408316
2.8849883164386
2.9019461755684
3.0375299598858
2.9814539132835
3.0294548937542
3.124273277314
3.0954637699694
3.0219689419935
3.0952013815142
3.0405465727985
3.0292599287114
2.9474998714995
2.8634587783084
2.9764215984418
2.9365434779553
2.9720943762122
3.1771685903951
3.3941229989502
3.3803133387635
3.2257074883578
3.3462429880248
3.4839300085631
3.3952424549034
3.322516819167
3.4305242028845
3.1050848394927
3.1752948467642
3.2339795078974
3.1872926750151
3.1045044054917
3.0749102109631
3.0788036983975
3.123469857883
3.0608666582722
3.1914128189779
3.3228942475341
3.2697744083748
3.2166690404092
3.2690971371075
3.2430847136061
3.0763520196492
3.1091543211132
3.2359202333471
3.0560506002241
3.380819142288
3.2708374399704
3.1823031170878
3.2376974882181
3.0680796598375
3.0360438903791
3.074312353021
3.105684423152
3.203709240178
3.2230750515254
3.1498654996518
3.0000289537958
3.0029800099437
2.9963834059203
2.9111142793948
2.9892194921581
2.8704491372269
2.8630729916578
2.7267650288297
2.8407339723202
2.9244665441782
2.8407913483025
2.8998212997313
2.9882721885771
3.124429625108
3.0094499484442
3.0774104725994
3.1040726656038
3.2787965295849
3.2612490437894
3.3460077283641
3.468134810334
3.3093551422189
3.2174420888108
3.5491122740405
3.0765402731391
2.9686052042647
3.036765318001
3.1406144704368
3.015761231219
2.9573036643759
3.2590079043178
3.2978970279691
3.0852434694023
3.1518458238308
3.1545900819624
2.9898334836966
3.0158415874842
2.8655273822634
2.8602222077784
2.8963598171975
2.922583670494
3.0621302046185
3.2874975576153
3.2938066543081
3.244124320109
3.2997995762507
3.426454058078
3.438380001924
3.3314557718815
3.2941533626536
3.1512042328245
3.0954163471787
3.1876019476114
3.072338120823
3.1807172683739
3.0866052029519
3.0429884410071
3.094876871674
3.2399151626145
3.251965322912
3.2717492580868
3.1328835687042
3.0296750538697
3.0979682745388
3.2676149133325
3.0284006497567
3.1794216677144
3.2109457409864
3.1673828450065
3.3199029163042
3.1469855977877
3.2088729371359
3.0564987605218
3.0807618775324
3.253389296676
3.0510338186627
3.1683424302636
3.2883352379907
3.1700838248012
3.0776234357751
3.0079803378207
2.8936312162675
2.889145490918
2.8888351862199
2.9270593167483
2.7774588757923
2.8458900246434
3.0077465359126
2.987073772557
2.9118105666428
2.9302606556027
2.9059109327443
2.8899014962953
3.0358749552419
3.0647137816752
3.0410179638637
3.1518913178693
3.3295630742205
3.1028296375175
3.1750556831887
3.2990592953036
3.2742020474611
3.2146524493013
3.4725016332185
3.0342913097286
3.0146307361993
3.2676202821096
3.1215658597235
3.0102782160588
3.0110634640426
3.1427941305948
3.1426521312994
3.1346431501127
3.1065058499601
2.9466525865821
3.0489738035611
2.9973758265229
2.9969929924175
3.0176136986238
3.0468530415605
3.128752733849
3.2806422913911
3.2373120790882
3.2475984050892
3.3840497256707
3.5066963440224
3.3757208130367
3.3332594248965
3.2645176259027
3.3624815256043
3.1954226785937
3.3227034579793
3.1952394403492
3.2432349956334
3.2053191157615
3.034087860273
3.1536051280719
3.3629434908768
3.3621350801399
3.240257856085
3.0144130616526
2.9698967204352
3.0515697613314
3.1056965050378
2.9781218529696
3.0798586816522
3.1702724472682
3.3596609392725
3.1260529253968
3.1551166001538
3.2328549083325
3.1582982190102
3.1212155189329
3.0870636931711
3.1943142519957
3.0396599691213
3.1458403461574
3.0352535501128
3.1154786326528
2.9518542255082
2.9562373178757
2.8722439529224
2.8472251815419
2.83372273628
2.9639583057777
2.9020272023583
3.099739478888
3.0318475515176
3.1231108652852
3.0574617195139
2.9577994095661
3.060878287063
2.8918632656506
3.0567101663855
3.0737926811579
3.2475959779022
3.3330316043735
3.298083169928
3.2237182929992
3.3712278098547
3.4762490340621
3.1582957313554
3.2422087662395
3.5451229488363
2.9855032079231
3.1697867779545
3.1523828460688
3.1786603687144
3.3716799952657
3.2010766565053
3.2725967383282
3.1877345184667
3.0222432848324
2.9922080215486
2.9337366054944
3.0189472476466
2.9952036547724
2.95050021636
3.1261908682486
3.3098609997207
3.483409883647
3.2907186983867
3.135752023198
3.2898190110422
3.5477944050418
3.7018356356373
3.4896070152248
3.4121129467411
3.2925272612598
3.4463033441926
3.3164707345085
3.3225182771755
3.2910368727892
3.2559726759847
3.2396094472603
3.0136961819086
3.1635790395514
3.1574076866808
3.095457181942
3.098031252303
3.0391928639996
3.0590960991535
3.2777954116614
3.035763116578
3.3299930011945
3.2135763030239
3.1719778233106
3.3150875100333
2.9445856921024
3.0583958377536
3.1898781038786
3.1754748992225
3.1722155854591
3.1575368825056
3.0996377611153
2.9740804510618
2.99492006865
3.0024426323585
2.9716624545343
2.8636854374729
2.8950107160392
2.9392741863564
2.9604793649363
2.9676730121081
2.9804329635027
3.0713457283368
3.0683636082043
2.9571804766997
3.0459811665071
3.0155838351385
2.9689150598406
2.9354013327099
2.8132841513783
2.9084902080897
3.045571040124
3.247770030033
3.3514951969089
3.6720447750592
3.491227806099
3.4047546192995
3.3433308979111
3.1824890391745
3.4005581325113
3.7603474943788
3.0514249503224
3.1231091950431
3.2837907947056
3.3159668675292
3.2761531687889
3.2301726891596
3.2833278281041
3.211749953644
3.1588110909268
3.0916688919202
3.2385054518269
3.158820275764
3.2771189260911
3.0506695419778
3.1121062213661
3.468892584669
3.2039067049806
3.1774834694657
3.1384242011258
3.1200442268871
3.3678233403489
3.3910718684242
3.3398644683062
3.4198166855374
3.277499230312
3.3411897409307
3.2517092765522
3.2716368674303
3.5312480016918
3.321816682442
3.177977267835
3.1568813100878
3.127646096702
3.0753736452282
3.0387820165483
3.1120474994575
3.0512453984758
3.1193296124728
3.1491882712687
3.1539823812122
3.229581078667
3.3353711300635
3.2887894487611
3.3040334809387
3.1558740697449
3.2400377342483
3.1690630926842
3.1853579470029
3.1124177419106
2.9983176245615
2.9233521500212
2.8852333951682
2.9650781419026
2.9288293197988
2.9976387475892
2.9864144520892
2.9288241852435
2.839303666439
2.9551372819493
2.9591568871533
2.999174807502
3.0368028285545
2.9542466515867
2.9778843499275
2.9703918675517
2.9797936611655
2.9335386963498
3.0660061752398
3.1449425825597
3.0975788614995
3.3693814376232
3.4360437349712
3.4664447672801
3.5567298817339
3.6699688027705
3.5767107977858
3.3411299124908
3.2130852646731
3.3723791947538
3.8045334321638
3.1439445761604
3.1098949528281
3.2006237399883
3.0409971920646
3.1487060602869
3.2716150921579
3.4698625545985
3.4384553885904
3.4075940765314
3.4617381648753
3.3118709849066
3.2800312571856
3.4379664124839
3.2379243578603
3.331062627247
3.3323206140924
3.2009320190616
3.1377469972836
3.1750235904647
3.2224075125816
3.2611317355994
3.3363967515071
3.3974381939828
3.3852170509505
3.3204519800465
3.3359412087442
3.219125292742
3.3422672009605
3.3321371753043
3.1714166013971
3.1812521985872
3.2936036404527
3.0840800535235
3.155558394393
3.1349085932252
3.1207174251464
3.0911678553141
3.270522030275
3.4104202700673
3.3501364653257
3.3192006382521
3.1899958239996
3.1397907284563
3.493731210743
3.3149397038916
3.2885670955087
3.0217536216059
2.9852109834162
3.1418280788082
3.1096360150613
2.9904445706519
2.9533693434768
3.0784305399321
3.1554203488167
3.062973650114
3.1707842421431
3.1559618964675
3.0558519628459
3.0704589160629
2.9622127986962
3.0520934713203
3.1204014608369
3.0365554702977
3.1165993227357
3.1393459846527
3.3254502399747
3.3223076700051
3.4590397951763
3.3968219492296
3.5003063980025
3.3577897956815
3.4563188598261
3.3416265114898
3.4701554976069
3.5662716289251
3.5742628246453
3.4314187293219
3.1174725099811
3.3202074539632
3.7757976359637
3.0835545431218
3.0309149871894
3.2891840826306
3.2220170649795
3.1668586862684
3.3159630615067
3.3415333572841
3.3609305375428
3.3728308463943
3.460608768313
3.525172167699
3.3166215924368
3.3452548024442
3.4876010818127
3.3391734912511
3.4060386237216
3.2010259755582
3.2577259242414
3.3157363940343
3.2578639034312
3.4110788381154
3.3938011720141
3.1288779511473
3.1613336160807
3.3987331401573
3.3527992220458
3.1059764534932
3.1819702550478
3.1770379319057
3.1588297051099
3.0414226622489
3.2177980027251
3.1133757920818
3.3462132247873
3.2667355385741
3.2906567408797
3.2865511193907
3.4171717860259
3.4510164501478
3.5042398294861
3.3962287328899
3.1442601585688
3.2213965463517
3.6859576496824
3.5203677608474
3.577139175668
3.1422215150754
3.2316339174403
3.298635745531
3.1912210332845
3.3234615327783
3.2850694613883
3.4234674628829
3.2360157878951
3.2455857328093
3.2022919083103
3.2673893065709
3.1937103715591
3.2539996970568
3.2454438948895
3.1783606000939
3.3517369959419
3.4442713884915
3.3899749116099
3.4178171605851
3.6598596781308
3.5335507714202
3.5457765304362
3.4358118393919
3.6468610923131
3.3724994093765
3.5498298605745
3.4071311272647
3.5305459521854
3.5015738289293
3.5061573248337
3.4848461917933
3.2501143774463
3.3801812322414
3.717866443695
3.4086783279769
3.3107177093126
3.4410681289895
3.4124984721233
3.4993266874375
3.6231000488922
3.504413448209
3.6263633410334
3.4653093636384
3.2688772697255
3.5340159768366
3.3962841883854
3.2420377881341
3.4503609049215
3.2701234700377
3.3544547602803
3.4355246694047
3.390041862439
3.4214623830355
3.121942842777
3.3401202863968
3.2295437009995
3.138377386116
3.1893694818994
3.3509954383196
3.1603458994918
3.0220355358712
3.1384564390182
3.1529576516878
3.1722381517815
3.0689160779557
3.3112525793795
3.3491045582162
3.2488594513004
3.3429648046618
3.3308949858985
3.3086541328612
3.5168335867909
3.6826816339396
3.7017431254637
3.4469463783147
3.4601086260299
3.5740270355126
3.7360082309425
3.6521344145798
3.3740523014158
3.4041626436254
3.5130769417792
3.6070567081215
3.3910647015377
3.7108295983628
3.4750117022493
3.3801216980751
3.4420579034746
3.458369312389
3.4904038019809
3.2784410207378
3.4442410586796
3.3661278322449
3.467634164661
3.3446266403235
3.3980198603466
3.6173892794095
3.3801591848898
3.3972204874337
3.6615941852783
3.6033436860759
3.7174492149833
3.7793244576575
3.6309599033115
3.4888264591806
3.5695541519523
3.5542053476255
3.6158530089547
3.3602975679281
3.3914305785007
3.3770366388948
3.1968821067809
3.3497267299153
3.5394611280845
3.4419423712755
3.6316676150049
3.6174107056768
3.5009330389974
3.5970987347921
3.6574643372698
3.6254736605173
3.7933403326395
3.7076792377697
3.5249918199478
3.3340691068784
3.3362898150074
3.430538389605
3.7036088047804
3.4344956983837
3.2097872705602
3.2219713458522
3.3087328941837
3.3526294108915
3.2180902102262
3.2188628766729
3.349031134914
3.3185407930832
3.2277452633376
3.0821961966923
3.0131243432059
3.1196843113254
3.2028673900194
3.308934871496
3.5020295612942
3.1835228383828
3.3439482611421
3.2435436025367
3.5538071232537
3.4461009485093
3.527200739727
3.6566896847478
3.6806200708365
3.6327979974916
3.8915796621957
3.7930581857652
3.7017110876199
3.7570165970613
4.0875539684925
4.084221360059
3.7965685235303
3.6866778659376
3.5487491541358
3.5335833169041
3.569909851963
3.4648216968751
3.5581069084907
3.3010923342164
3.3344921341463
3.4220999760651
3.6151461668261
3.3350852506636
3.3901940695765
3.4308360575706
3.516379515054
3.4808685907187
3.3656885565692
3.6636711380704
3.6397936759998
3.6207402053698
3.6758316983368
3.7674014254938
3.752162894266
3.8051684544018
3.8152528979999
3.5830533049862
3.4756455212783
3.4570647967854
3.5601621092439
3.6287762097009
3.3584591901722
3.5709314976607
3.283980469215
3.5855936002674
3.4198513735586
3.4691658412409
3.6379797332604
3.6843494492573
3.7460662052866
3.5888126367221
3.4860867848563
3.5536516329212
3.5871236550464
3.2889291876986
3.3902672235293
3.2765228135028
3.3632713918722
3.4010821211735
3.5092540439688
3.4989492771674
3.2108980868635
3.4470886562973
3.2744071767429
3.3490677852219
3.4360683187727
3.4644248718877
3.348283129253
3.495084909582
3.3461846549228
3.1445668229817
3.2937436166826
3.2215410133382
3.3410761247001
3.4507706431909
3.5454561838692
3.4645069768943
3.3620021759326
3.2757634206977
3.4105545605492
3.2712529064773
3.5340963913687
3.6570121799418
3.6454538882906
3.7485209609364
4.0560248486785
3.9688648998124
3.7788433765563
4.1262681617726
4.2328477361908
4.2478194852135
4.2133718208876
3.8360941937456
3.5825877373952
3.683283749241
3.7418738824919
3.9169837383784
3.4420952218016
3.3278774238461
3.3372137746699
3.4162510218665
3.6658082415303
3.5666321290551
3.5923742222834
3.6617796202253
3.587089342747
3.7641091784667
3.540851429484
3.6666479243103
3.4695440911613
3.6097447886675
3.6808377343625
3.9194445222467
3.7946073004208
3.6942069533241
3.5939149172435
3.7540655254365
3.6127813679523
3.4407154100656
3.4530091297681
3.5272830196208
3.4810257134336
3.7392929163389
3.5593691442954
3.8175780546166
3.6304013161714
3.4247640916243
3.5153539367164
3.540389752179
3.4860365470201
3.5032723902985
3.4860460483252
3.3637203629425
3.3106262483057
3.4834969077168
3.3420809625388
3.2108554601021
3.1406914567453
3.291660728716
3.5095196995938
3.2616961212864
3.1737769536579
3.3038340538686
3.2572354995999
3.3788865868867
3.4596223985852
3.4198421168277
3.5107550568388
3.5541768419794
3.3759990354023
3.4271812474233
3.2597456035561
3.3521505130301
3.4103651478173
3.5602529836604
3.3676253697654
3.4980431816627
3.3196240525075
3.2297680943014
3.2790213833852
3.3439197173434
3.3417535905916
3.3874288399318
3.539026010996
3.6543155913799
3.7697250789525
3.845109608404
4.0220511938546
4.4752794586287
4.1777076871863
4.2368324706966
4.286436630109
3.8437404544058
3.7910439985901
3.6691885176495
3.6491991682435
3.5746065215667
3.4331792484781
3.3488692014834
3.3608245409169
3.5272514110095
3.6874570559061
3.7216523740746
3.8047836659712
3.6072983944129
3.5547813159033
3.6570270628554
3.8030776210741
3.5758511842539
3.6629574467268
3.8898407441165
3.614559976737
3.7334708400364
3.8175409413083
3.5998545597123
3.5090606607205
3.6700903658274
3.6310280536268
3.4822731399646
3.5887053865186
3.6447631403321
3.6472070012516
3.5345930774565
3.6767452925772
3.8579261353729
3.7645384423882
3.2126442297882
3.5636255944537
3.713118304931
3.6545111318209
3.5059074772027
3.6231991442635
3.5681099836604
3.3143210316126
3.4030404594493
3.2534660705544
3.2843516675635
3.4303460814319
3.2684309357753
3.3059847776579
3.5354750456099
3.4692440162765
3.1860051924401
3.2408002776519
3.2037308598837
3.3945261276918
3.524484157564
3.3961263618852
3.6011889898766
3.3860537788975
3.6626285660955
3.4351587787291
3.6611224380431
3.6139308226674
3.5611209421331
3.4978241047482
3.6452785279701
3.5993423560904
3.6237881968959
3.6137720984515
3.305445844798
3.3904183787914
3.5849509962737
3.6506559355041
3.6242638396819
3.4649135023249
3.6171864114469
4.0735781847331
4.1754052142028
4.4001144955149
4.3971075874691
4.2029274730043
4.0530540274701
3.7584623199585
3.5988617388908
3.3381993577871
3.3557271299181
3.3424182391648
3.4964237909942
3.5392940908733
3.4257728504054
3.6688966365556
3.7275054735111
3.653049522536
3.5513884367551
3.574121515325
3.7358582132232
3.5756976565662
3.7208641710201
3.6369681417529
3.4431851364335
3.606503398153
3.4306538259387
3.4363891776758
3.6073788939202
3.7744469697168
3.6730853051492
3.6123292498863
3.653092610557
3.6558637227203
3.6549278519042
3.5453459183515
3.733867918356
3.5645856841321
3.7673881792725
4.0522759756281
3.2450025740266
3.5488585683978
3.7594254756916
3.5934746289469
3.6487843287376
3.6660965145255
3.4076520516442
3.394206905533
3.5824795308957
3.2925660564269
3.2047754305005
3.1387918888001
3.1630423239313
3.1775513289075
3.5187038952421
3.4450588893649
3.3244805671866
3.3303899565177
3.2466619007173
3.2885871999971
3.2758921368336
3.3774406582765
3.4673042925964
3.4637946612135
3.5065041553514
3.4276717008852
3.5811871315653
3.5235826612934
3.4512320890642
3.4754841800259
3.4329195903669
3.6114328605557
3.7094457881309
3.5699153760454
3.5501808797935
3.7567685665679
3.6537680074691
3.7813018367104
3.8615907468561
3.7180282338928
3.5860017380697
3.7729030074215
3.9319479518052
3.692424587925
3.7907646451297
3.7725898804009
3.8634414573146
3.7445910170402
3.4802722926473
3.6517777047562
3.5195796647483
3.5038142164916
3.3393495981527
3.6373633659439
3.6325299750285
3.4358020000638
3.4151163985462
3.5337771022934
3.8136345390871
3.5967108401215
3.5546244023506
3.5230421336098
3.4780527622219
3.2393681849652
3.4647488281399
3.6890544942646
3.9091025044504
3.6562659626513
3.3545852920425
3.5322892407826
3.5527338802339
3.5616949608152
3.625424922385
3.6183725112721
3.5959282151661
3.6408197716539
3.5713000748073
3.53487136431
3.5375330406873
4.04457752874
3.1794211024152
3.4827420413225
3.5847999667552
3.5159731305869
3.5702169670116
3.6394701519309
3.4220463249645
3.3930933298631
3.4438853981509
3.1719597433128
2.9998820467746
3.1262955468218
3.2732311385271
3.4121034559194
3.4882637636168
3.3629702858807
3.2320472352179
3.4880392255047
3.3448184538204
3.3322251664149
3.4409142145827
3.4318583638242
3.4923097703714
3.4701530949343
3.325119081916
3.4550887026108
3.403764370903
3.4975779019701
3.4469539487172
3.3520311019753
3.4965266185273
3.6439063867076
3.5548688995557
3.5837369689274
3.5666706899946
3.584161227418
3.6235004863152
3.8004346551427
3.7036513303248
3.6802093532289
3.4617520207289
3.4745227008198
3.78789837569
3.5130467040275
3.6610159130716
3.5819372696446
3.7663363112863
3.5366851833982
3.4945316235425
3.7857852276641
3.6101646817399
3.3771040662371
3.5101138090227
3.7628126797254
3.5530166267969
3.6918482624893
3.4313947828227
3.5546908002847
3.6015270059237
3.730669795102
3.5703673480029
3.3388962928393
3.2386821137523
3.435304103802
3.6252970860029
3.5448672615979
3.4862623444532
3.3947022288575
3.3709845933137
3.4136170225102
3.6745814298776
3.5055860948797
3.5595725410877
3.363905425337
3.5160829704636
3.68819517514
3.6058250966686
3.4696400184056
3.4054346884065
3.848930656197
3.1757388543992
3.3053090383524
3.5823432407231
3.3329750839278
3.4701854984802
3.6013293308424
3.3766600624894
3.2640439065809
3.5380712354477
3.1075494365019
3.1328766123073
3.3343224708955
3.3133543406646
3.4473133177181
3.4332066011574
3.402865431931
3.4191863049871
3.436680885763
3.3291751691905
3.5714330085446
3.4334648292912
3.5629780156821
3.7199362925557
3.5359724217022
3.3462935414918
3.3709343417963
3.642673810296
3.5969701181267
3.3961939552893
3.2166875579505
3.2686940015591
3.5087698933311
3.4396485890143
3.491684154836
3.36662236386
3.6247612355206
3.6196345256972
3.5657493594259
3.4381317893468
3.9037568132254
3.6461747028355
3.3974859571557
3.3060254663976
3.5162080898718
3.5038563249248
3.426468244182
3.4187953529968
3.4318489323101
3.4380605618603
3.6448521009261
3.5398376383901
3.3858701002996
3.6592200218344
3.7606118495873
3.72065793632
3.5494563725736
3.5476777640428
3.3695852941021
3.6988430315213
3.4770205191756
3.2305851004754
3.4227249941421
3.5734940482882
3.6389920591388
3.4684986353397
3.7201232689932
3.3179133111935
3.3336938392515
3.4876854114056
3.5163763549929
3.3405128074083
3.3173643625086
3.8132935812836
3.5921966371066
3.4791983478807
3.4579430417667
3.3142243030994
3.2413413457071
3.5066903383916
3.9158545776654
3.0108224715103
3.1510838372821
3.2966694039938
3.1251564990972
3.3602440451796
3.392509703229
3.3718809883428
3.3343616130305
3.491594899978
3.3099001985091
3.289854897819
3.2927418107714
3.442741711869
3.5484228534518
3.41812678013
3.3173683233384
3.3401583688888
3.5527004182486
3.4906856562678
3.4553664253588
3.5269965316296
3.6579493167358
3.7676928476889
3.6967187442298
3.4661756433884
3.7002204394547
3.3415392087988
3.4782859675071
3.6631096586644
3.2332625997391
3.4597306514341
3.4266539086975
3.4937313913323
3.5134308973334
3.4315370175697
3.5882265947907
3.6175734474931
3.6651421863152
3.6809230238167
3.7715993758303
3.9059493947431
3.6268098269952
3.5560710221792
3.4825125812371
3.3043077928709
3.4571121901231
3.6321795327685
3.6558201387536
3.4999564478938
3.5814320883273
3.7125440690372
3.4581028442136
3.4112368412944
3.3670427117702
3.6441888813762
3.4933333788866
3.6206663028668
3.6540693002971
3.6941332500646
3.3060500808641
3.2840159595757
3.4937787041705
3.6929328248487
3.5592923414311
3.5469521613213
3.4681696899964
3.5364248993264
3.5766570871359
3.3613542831881
3.6371439679752
3.2872410099194
3.4317035266243
3.458434085798
3.6611720779114
3.7664180513333
3.5738478535412
3.5807792999574
3.1840797566074
3.3649624729747
3.7317422266579
2.9943483615427
3.2069410755905
3.2496762864747
3.3269239396209
3.1949185463025
3.1840159996237
3.430643475338
3.341947753753
3.4201674764334
3.2574508682333
3.6683238991434
3.5570562545064
3.427800483714
3.3564918147509
3.423210368939
3.4226458504694
3.4402481899457
3.4949521448363
3.4333033583255
3.3644739079827
3.5782198836876
3.9267451022567
3.8622547206982
3.6424275445876
3.5220459039589
3.4350677420498
3.1593175008767
3.3259696993852
3.3877785215298
3.4110506082442
3.3977442408072
3.5858108788435
3.6361428396918
3.6667314837864
3.7495164934508
3.5096740494364
3.4257679472402
3.6788465137704
3.8523382394262
3.9553781422003
3.8629160584278
3.6200558372741
3.8678218366301
3.6759162490778
3.611301846176
3.6036790397228
3.6956377161817
3.7081619192894
4.009083127768
3.4981717867749
3.7132935043603
3.7294449596153
3.5553526815307
3.4622806562386
3.4803323491386
3.6753359943574
3.6334750001633
3.8106879612077
3.5749815113109
3.5517358801485
3.5034942005498
3.537373563004
3.5028275921793
3.7457938974114
3.6023516514888
3.4790566905777
3.6935538139751
3.8014251205677
3.6857618110656
3.6843959833676
3.4395492409948
3.6061352484081
3.5423182860624
3.7205303321977
3.9861771351883
3.6909820095355
3.4340312671746
3.2584996688644
3.2483714956444
3.4609078246609
3.0193080862126
3.2350966370367
3.4782313036188
3.4666015257952
3.3725488761067
3.285351948515
3.3510096065574
3.4756223615639
3.2742327193502
3.2826064131924
3.5044600538644
3.7786604471219
3.5637950536573
3.6996396273917
3.4995858379571
3.4966269035837
3.5451772963204
3.5732104254471
3.543436703913
3.6332124238598
3.6866014252749
3.8770729727741
3.6269076397186
3.6407524118089
3.4468680813718
3.4332657577581
3.3075909819861
3.3210692636992
3.2905467435268
3.4380720290246
3.3442399415357
3.545719037372
3.6384543551839
3.5900448419598
3.6597378034469
3.943874139439
3.9065738387689
3.7158781446323
3.8005472924975
3.7611738807109
3.7480705110576
3.6804634022165
3.7611025730448
3.7236927910336
3.5806105690445
3.7057263482957
3.7753113470919
3.7685143966672
3.8320523514821
3.4252548332594
3.7331020546264
3.7006036865723
3.605367738729
3.3869488981285
3.6811334686304
3.7786589102837
3.7696905817898
3.6470952681285
3.832165886619
3.7278375554489
3.7256121952493
3.7698438352906
3.5690679948737
3.5968154491343
3.4534491604458
3.5408052059803
3.741558221607
3.719863229927
3.5319278901845
3.7891671674164
3.6735785636417
3.7533704175103
3.6310193214095
3.8251390786287
3.8650401598343
3.7671927231373
3.6816437836546
3.3869925319038
3.2666740914155
3.6340863158596
3.0502275116268
3.1877428672787
3.4447468803608
3.526896429839
3.3933599261119
3.2902334527901
3.3454653501331
3.2405077897841
3.1559075413121
3.2735559589762
3.4070639680317
3.6662215355013
3.7009778630685
3.8439905699387
3.7353532253981
3.7140293628251
3.8915793848293
3.8132350029569
3.7180006620789
3.5642927742152
3.4893151446255
3.5497458803894
3.7219766781788
3.6998879341826
3.3798608171727
3.3243204552948
3.5262806126114
3.5995710426871
3.5629655545884
3.4397942097621
3.6315998384492
3.6637957830078
3.630610752099
3.6049184483614
3.4066123868124
3.5775198505041
3.9503808179909
3.726172908065
3.7097649676843
3.6063780751087
3.7634211799704
3.5910360453942
3.6862993953902
3.8399642300753
3.6857830281061
3.5709186983164
3.7066672891813
3.6873864336231
3.7230257909836
3.6833826127833
3.9683575798801
3.6539071203983
3.5184721221871
3.6048938921779
3.7585994305756
3.3893211272339
3.4354156039196
3.4455446901979
3.7635789219638
3.8694009015167
3.7456453796865
3.8823277910131
3.9664570825454
3.6763301928306
3.6112224759353
3.7461558694501
3.6546274720382
3.6505098192876
3.6900468685555
3.7905320059102
3.7670344165532
3.6191034783939
3.611444066024
3.7895540695449
3.5652893997038
3.823717883051
3.720371180426
3.4032272599385
3.3668222414474
3.7159070256873
3.0437702037587
3.2722270932143
3.3491949261864
3.1846333221567
3.0893923415137
3.0739077484981
3.1346944510463
3.0880773843564
2.9778930449365
3.2176526727827
3.4499417323239
3.4918241146617
3.7150003252118
3.9609693121211
3.8840765955721
3.7566841353752
3.6326030625103
3.8779818432453
3.7424962050506
3.7531260810941
3.6476372259643
3.7601602328461
3.7052131760704
3.4912444478081
3.561413269902
3.2948555512182
3.6858361186526
3.6019380257435
3.719304260528
3.3877981853433
3.6972961750709
3.6130306969883
3.5967967574477
3.1009662071727
3.3339006884842
3.4820296753526
3.85967950567
3.8269551237825
3.5169645650192
3.5156170571423
3.4174908992316
3.4754951324366
3.6218306347857
3.6397109434277
3.9721902215335
3.7420084055526
3.7093257636766
3.8846636392716
3.6572783160496
3.5315269739555
3.8742432430966
3.9598016741787
3.8693866734356
3.6523450436925
3.6868772991532
3.5487180626609
3.3273471561896
3.5118066032622
3.6337939370724
3.7536791379675
3.8943289394898
3.7708546984224
3.5791158721744
3.9510986659001
3.7973755562393
3.798343436919
3.5631502658313
3.4941704431304
3.7499301258462
3.6775155723591
3.8025268517078
3.7362052966799
3.8381316912756
3.7822742820585
3.7012925052946
3.6363785338671
3.6051767445466
3.3677728839914
3.3712743794331
3.6706031408662
3.0721654813416
2.9912913842624
3.3235948073902
3.1047886264546
2.9637664117667
3.0428486377819
3.0727789156757
3.1590020292335
3.2518164308821
3.3224154748991
3.3156978364473
3.3409983549487
3.5540208703824
3.8048289096576
3.7115372729617
3.6845589091978
3.5989968242944
3.8885132635693
3.759127223823
3.8870910110029
3.5904273616372
3.9438693071457
3.7456543816009
3.6406599466569
3.3592745947925
3.3265411630867
3.7832797809942
3.5640027814666
3.5010109723504
3.3964591549539
3.527393147185
3.722720680376
3.6308436098523
3.4998887519145
3.5953817825012
3.3677329839756
3.6939272612767
3.4830851269907
3.6559697883874
3.6378424732075
3.6834250640538
3.5387437107798
3.5771521191189
3.8039609384662
3.7403056308517
3.9081686203676
3.6699199038561
3.73773575691
3.7633709233297
3.6246821734566
3.7151469656463
3.7098937096807
3.5935345607346
3.7424021921956
3.7481667558622
3.6940984374872
3.4229101506298
3.7071036524742
3.8762375055963
3.6049531748907
3.6481094533023
3.6832270127419
3.7062244351344
3.7581661562612
4.0207226462456
3.6835048269133
3.4611087322457
3.4326224788363
3.7345976293207
3.8560132423629
3.6848853390513
3.8740253186684
3.8134510067615
3.6657242785611
3.4656506121991
3.6415354267773
3.6136359824992
3.2360961325579
3.1639234788088
3.5341409676266
3.0883292081903
2.8755143209749
3.1997534619647
3.2525391990809
3.1686453186694
3.1634265724492
3.2019082766784
3.6461843937791
3.5883106218282
3.3502449538298
3.2720350928599
3.3551900552104
3.5212690652249
3.5974962595887
3.4574515196995
3.8207284842112
3.6695901230698
3.6343145989234
3.7505812969228
3.7713514793547
3.6736282883721
3.9244987854616
3.5498027509278
3.3676070060079
3.338884900051
3.5059692887705
3.5985129867565
3.5211947169535
3.5907869609674
3.475979533363
3.565630183482
3.5228016206128
3.565444874923
3.5909266517912
3.5478374723691
3.5348626535572
3.6943984770551
3.5258568615413
3.6138281759456
3.6439510211346
3.6380953982949
3.3437732411384
3.536354032065
3.5049814592049
3.5264278926316
3.7220267679938
3.7038307888449
3.7336697967245
3.7848960424955
3.632455320694
3.4123328691488
3.7350911063643
3.4890575582204
3.6640820646399
3.5660093551399
3.6945089113704
3.6312238468025
3.481314529974
3.8467079590712
3.6489500026152
3.7803194924902
3.5995416359646
3.6716497095172
3.7523561966461
3.8024244740354
3.5524552465509
3.5878812045502
3.5795945543662
3.6645387533477
3.7561780034954
3.6404908322181
3.676001391442
3.6995412291967
3.5003339622617
3.4486755554909
3.8135355110518
3.522108535449
3.2484014175546
3.1100891662721
3.6074367751833
3.1091744809077
2.6759058649331
3.2593562263753
3.4551131028953
3.2572479109292
3.3755532871138
3.4835613902846
3.5725094972982
3.5247899530978
3.3967700191016
3.3351247022098
3.4191568609824
3.6859176700384
3.6806954879284
3.7181362827369
3.8589483971906
3.7494363872329
3.7230321913717
3.6814255339512
3.4079766689854
3.3506075493377
3.4932200873993
3.5044870824023
3.4398059620093
3.2803578156184
3.5294030451077
3.5082390149331
3.6347478352803
3.4453110042292
3.6749538322695
3.6859843754318
3.7195512809138
3.6536126138259
3.8249295396451
3.432508705958
3.524712855451
3.4487056083268
3.4489641164751
3.3321856393343
3.4500280123767
3.4914503277428
3.299765832171
3.3521731037947
3.5232150966034
3.2229762469913
3.5615566967574
3.6372969678515
3.5575916284564
3.418156868258
3.5236134348745
3.3530323963778
3.3058357811153
3.3381863734237
3.4096930361524
3.3258194007078
3.4138886093587
3.7515850550903
3.296914733502
3.577851922562
3.5287089876055
3.647822736259
3.3883398556577
3.6075967886259
3.6576019832313
3.9268699192592
3.4503382787866
3.6026024083151
3.6713160573088
3.8022618339327
3.7405389648392
3.6012364938891
3.3991394556451
3.599089587743
3.5739660752996
3.4266906608097
3.6470565003896
3.5971821076244
3.3677486147205
3.0990789332377
3.5173380885036
3.1480589928378
2.9867036392627
3.3823409589829
3.4618168885657
3.3023628018625
3.6398774713376
3.6085481086971
3.85606600643
3.7064175049835
3.5191880626609
3.7422109553583
3.6161887204358
3.3146195149936
3.5820746118406
3.8584093267304
3.915011772788
3.6251147810326
3.8202865778488
3.8849632870343
3.6605820535874
3.3353413305732
3.340216039231
3.5696679635264
3.4352048944807
3.385774202404
3.3993145297812
3.4095798327873
3.4378447281899
3.4554651796912
3.5979441187063
3.7592220684142
3.8330415505123
3.6271551204566
3.7379602284988
3.5334839043354
3.517195080731
3.3843863149206
3.375705752257
3.40148356699
3.4260057285652
3.4757440591124
3.4312672813447
3.3709879805995
3.3669188710121
3.4464160012679
3.3437373028051
3.5233492320293
3.720286334097
3.6228310717385
3.6937073657821
3.3370533998471
3.2730440899882
3.3329939811259
3.2637646580445
3.4421634526385
3.3830641269639
3.4642943973349
3.2995876320372
3.3087874681531
3.4490961683961
3.2991750814925
3.3367476492993
3.4056566092041
3.4115338049554
3.5738141003602
3.7077890750314
3.4703161809433
3.6889534538162
3.7083323227145
3.6517559974767
3.5975322355747
3.4452122793477
3.5034260128194
3.5148586104751
3.4071691160267
3.5776622351216
3.4190310963811
3.149018961623
3.0923970728653
3.6533788192963
3.0239016894698
2.945909186624
3.3684666438815
3.3820152291557
3.6566254657038
3.9071871706321
3.9494837554786
3.6425226027876
3.7342471848826
3.74171525843
3.8609060269918
3.6806967019734
3.8012162159045
3.637440292891
3.8201831159489
3.657843881667
3.6840453935127
3.7146851883038
3.857894600341
3.5908410611774
3.3013773331886
3.552518733529
3.4254849164218
3.6514654118458
3.6905480021619
3.3951771381418
3.383177607184
3.5934678063639
3.4763281108059
3.5169877578041
3.606092004935
3.7468378108726
3.7182644577382
3.5630716468828
3.4568525917554
3.3819495361351
3.361039908682
3.4329615327895
3.6095332625698
3.3623663571425
3.3153969060493
3.4320179388448
3.4567096040413
3.551274360031
3.5642434862649
3.4285261749333
3.29118704559
3.4573304823614
3.5437442852019
3.6327832831068
3.4381222480487
3.3571089295039
3.3481162179238
3.2688112765626
3.3348901824903
3.3946843428861
3.3821919992981
3.2099180944376
3.1688574426437
3.4606713303577
3.2409934298457
3.1837933529524
3.2937219429067
3.4220773324779
3.4652369075206
3.4677052933295
3.5245023512746
3.5154544253279
3.7309819412582
3.6593429351046
3.5154984116342
3.5645496973367
3.53182241849
3.2499396973597
3.2523805699698
3.4643095708751
3.3608624333024
3.0092863881979
3.1169752574437
3.5555885586652
3.0873901107442
3.2626849589148
3.5166254492986
3.5719679096394
3.8632140736798
3.8988409387184
3.6576532390945
3.756284834109
3.7598941518761
3.6267676367673
3.753557540731
3.7499805984795
3.8988273163939
3.9851012214745
4.1727665296583
3.7557963594263
3.5119604065222
3.9484809812524
3.9623171413618
3.6829300270667
3.3883468995907
3.4517017496253
3.5424683103676
3.8442280604017
3.7741775506151
3.4343786633239
3.6358093815162
3.5568575382653
3.3899183839742
3.5651891763068
3.4817597210514
3.7910408535952
3.9403465981661
3.663336811751
3.7142076093436
3.6725569585873
3.503839808704
3.403558307551
3.4657081362838
3.4040610396656
3.3468986076134
3.3164057561813
3.5184396490577
3.4395068685267
3.4198132798865
3.5299467819495
3.2347676602866
3.31916248793
3.4844694328549
3.6119534985831
3.6016935315809
3.5017312012375
3.392351674479
3.2554089889044
3.1512609143615
3.3603930962851
3.4722828224774
3.2866461516223
3.2426828545058
3.5588290224127
3.5997725117538
3.2362373426055
3.3459416698863
3.2958159279952
3.4082671997841
3.4047311289097
3.3220823284597
3.2579407456473
3.4061641647975
3.4588228343949
3.3191667102424
3.5729881634847
3.5604278846288
3.4377489443244
3.3798105450921
3.2222030184151
3.3076898824945
3.2102658127958
3.2445300292393
3.5680552624809
3.3020660340587
3.3938077666095
3.5858100803815
3.5447318465449
3.8858358154806
3.68987350929
3.7927745498877
3.6058606877452
3.9194643237838
3.8954237181237
3.985869230119
3.7598189023515
3.9475717110392
4.1631121769333
3.8267627200288
3.6816670128915
3.6423991462984
3.6724920748549
3.9907856055873
3.6792914468894
3.6127616410415
3.3414416107182
3.4060678650057
3.5364152625097
3.5897898887988
3.5029538038707
3.5677814500212
3.6165071366961
3.3990709274852
3.530308622356
3.5429062891445
3.5791443821603
3.6586691501021
3.4922837565544
3.3785067862421
3.635903009214
3.3738370575212
3.2923677835963
3.2634588505022
3.3526980055896
3.5124536713194
3.4350527887465
3.2575849562312
3.4268325469156
3.3176207323042
3.4252302782593
3.2333229009815
3.3949780901374
3.3108413263753
3.4991353552962
3.5182253123823
3.477108679045
3.4694012762435
3.403094081895
3.2466090994581
3.4019637497591
3.5176807266354
3.6058993579335
3.3476805227631
3.5485412537102
3.5877959863997
3.485871717532
3.3195066610595
3.1101110521913
2.9743718265827
3.1543141679869
3.342266244641
3.3750411053237
3.2884398420814
3.4731100524806
3.4265796179004
3.6291288227293
3.5540255013883
3.5503579932393
3.5072024799216
3.1154404522407
3.2924442695308
3.2291675549173
3.2423696494612
3.5066586325458
3.3873095041392
3.321314266094
3.4924636994766
3.6507931565808
3.6239997319547
3.8106160461174
3.7124643109661
3.7581138855008
3.8986189154039
3.5785223750671
3.7876288775647
3.680265764542
3.7710936150697
3.5829879357604
3.2949455958144
2.8633727698056
3.2328342457012
3.0766111361847
3.1871482604588
3.1371004136206
3.1944852474622
2.9530606022588
3.1191080448
3.4992056047798
3.3894437282525
3.249864465902
3.3696944231598
3.4421821706155
3.3650811149372
3.3919313615807
3.5840822564247
3.6805668417793
3.6176430053494
3.6669951174758
3.5663825689624
3.5358286462926
3.3997066657919
3.3453517755986
3.2951575014784
3.0820013908006
3.114118182734
3.2529396261024
3.1825079484251
3.1916876904168
3.2177882840241
3.293127303712
3.223557006538
3.5607727658006
3.3697900772113
3.1226770835281
3.3325454221996
3.2294722400125
3.3753198271963
3.4691568229081
3.4852976332773
3.4006283385072
3.2107726828688
3.4358904728273
3.232137088026
3.5554225545924
3.5119385560916
3.5662572335971
3.2492916278946
3.2451318598043
3.0401470320321
2.9014973045981
3.1455035660832
3.3067264218956
3.1736763937161
3.1094040939427
3.1467465343415
3.5439108227877
3.5664432532785
3.3374392052006
3.2930080360978
3.1198262854888
3.09013346908
3.0456585323911
3.06666016455
3.5130535665612
3.2121776895659
3.4212193879746
3.3224384562584
3.5959509588026
3.599392339158
3.7221844583371
3.9083714462209
3.8985058606613
3.4908510938897
3.4278748049281
3.6784404514198
3.6740746175616
3.5429463797586
3.581738060042
3.6255637794631
3.6204445969317
3.4811679368023
3.6191584606095
3.5800829841525
3.3615401014341
3.3262015888163
3.3041256944855
3.1657694249201
3.3204067447526
3.4247248198851
3.285995942984
3.3316860054285
3.2970459019402
3.3992092124729
3.443566847477
3.3150206620241
3.5857407622133
3.3943066295833
3.4583939236525
3.2817317295567
3.2820994600944
3.3229562938132
3.1625174559908
3.2944337231707
3.2363496233172
3.1714562552594
3.3382752225279
3.2822277304437
3.2547604807911
3.0001868242436
3.1020485171508
3.0669238985525
3.1588307084901
3.1395797530012
3.171767233002
3.2001802949225
3.1895899164145
3.2649047490488
3.3606643432269
3.424179509682
3.2241947825006
3.2096727649138
3.0835234142067
3.2063199168002
3.2178902350072
3.2142951702175
3.1566742126006
3.2665062708031
3.2928052960614
3.3113333778707
3.2180101993769
3.0720279340508
3.1456072232934
3.1563870918313
3.1577296241237
3.2871927203496
3.669485846553
3.4803777497018
3.512673456054
3.4545411175851
3.1919137341656
3.1324076541541
3.1116885073403
3.138084822338
3.5802554770865
