1.9910952234195
1.692365916631
1.4991076179458
1.6376100903675
1.5702650300056
1.9340384922508
1.8880714350551
1.8724792006757
1.6239901936957
1.647159626171
1.5612217985651
1.9073324804101
1.9740638480867
1.9131083921441
2.1717818976337
2.2138073946449
2.1535569697267
2.1030946615393
2.5177949718334
2.6528527043248
2.6613675142956
2.637983272225
2.5584083148099
2.3251645115368
2.5506162333688
2.2441977402807
2.5827571349924
2.5251785075599
2.4592344921341
2.220700209624
2.2834644284704
2.1624733098463
1.9411113238702
2.0201501673642
1.9356750174512
1.9994722766405
1.7977516189711
1.9620758901727
1.7693122017648
1.7437391675836
2.2018113014276
2.175619684385
2.3379402799372
2.0851551161938
2.3062911063142
2.1210667733764
1.6666092784696
2.0095228520013
2.1157771004979
2.1057272942447
2.2387296019692
1.9951427765023
1.6221198543878
1.5884936613638
1.8146442521654
1.7503694495796
1.3815097773619
1.6018713316304
1.635831915047
1.7960024877191
1.5193145316152
1.7179378789595
2.0411879678643
2.1213706206488
2.169399943647
2.215954913457
1.8106457682382
1.8243843593241
2.1121697828321
2.4018915639295
2.5046791748183
2.4534499335482
2.3602371913324
2.2165136888769
2.183231330296
2.3972745324077
2.2898971807672
2.4939348289226
2.4118956080829
2.0864228141135
1.9490872125742
1.8470714933277
1.6781917287903
1.5319380932568
1.4715051188033
1.7201139322012
1.9966729180744
2.0135978769434
1.8529664017081
1.7655121068445
1.9683172462249
1.7891448906097
1.8181232274012
2.0717908053684
2.2901921772732
2.5595591074507
2.4268610553957
2.4923392447149
2.1483921291637
2.473658369525
2.3442799169492
2.3104775040182
2.2045564695795
2.3327261048789
2.2303393207078
1.9839750991535
2.326758626983
2.1394444480335
2.3331925556422
2.1050498793118
2.1381913061765
2.0113099035202
2.2284385667817
2.2825144578507
2.1353045732633
2.0123087600566
2.022885907104
2.0579132997529
1.8648263596512
2.1260898690333
2.3489919896092
2.3657708089395
2.2675158257306
2.3460226951205
2.1920935840993
2.0680098605104
1.8573506211251
2.1570736448244
2.0662770223458
2.2225868778484
2.1107974926866
1.9353354420684
1.7536944456955
1.5719686383592
1.8765713358221
1.8268551218107
1.9156333689361
1.7719874213288
1.9652251395171
2.0251082456123
1.8924009300646
2.0515593819704
2.0507553410028
2.2062485711601
2.4832845527276
1.9330625333347
2.041702914245
2.1342935455397
2.1785193037225
2.2200817252991
2.3924019920923
2.3750343743627
2.514277002956
2.4569695895335
2.3829885667194
2.1218077688853
1.9403978299977
1.8251244563649
1.610419782554
1.9139837386784
2.150859762133
1.697405626309
1.6346302766804
1.6816520981874
2.0731584563119
1.7032413171025
1.9107586752509
1.9119567516086
1.9477121972142
1.6744285804249
1.8619089250448
1.5571846662387
1.6652515740107
1.6920452063437
2.0211953554205
1.9930710746489
1.8484263554104
1.8871982023298
1.9266094440621
1.8775973761022
1.6391802827379
1.6901021640678
1.9074465661443
2.0448729542956
1.7926276282283
1.8616743382597
1.8755374858044
2.1719036960503
2.302974361181
2.2864521847325
2.195969046125
2.2390196228657
1.908317127489
2.0013301105494
1.9797997554926
2.0188812459583
2.1810352087548
2.3338203087352
1.7457157419386
1.7211346510468
2.0507027889683
1.905868247318
1.759698868649
1.7973356234583
1.7821753264307
1.8535680607161
1.8490071313149
1.8419635753448
1.8437036097864
1.8769644469088
1.8310083087715
1.7059217560764
1.6023201504231
1.6882554068148
1.5928178372805
1.7673997518965
1.6416109420973
1.7879998554085
1.9362379860212
1.8195754752472
1.961569506171
2.0818309942507
2.1646318769556
2.0194628025283
2.2908586904317
2.2081396116508
2.1669559468367
2.1414622826955
2.2337457159996
2.2431072415345
2.3312655758787
2.3717253934369
2.1749313351563
2.2042054674097
2.2110335697845
2.1553593618153
1.9720213369009
1.9353928997614
1.9424721475911
1.6769425013906
2.1225107247346
1.8771179915159
1.5482170282625
1.5722053432235
1.8736327817184
2.0940503555215
1.9718144279711
2.1190766067743
1.9731375690713
1.904973799146
1.6854577106227
1.6883516345176
1.5890865619173
1.4864728050253
1.6027135704233
1.7461929832153
1.4572210389573
1.6008787783006
1.6998494109269
1.5173482093846
1.6363610549475
1.594536286801
1.5421858239475
1.951133623989
1.6190283322894
1.6349578111726
1.6286498808423
2.1341112483207
2.1061613519867
2.1988810416252
2.1478142247444
2.0306085581467
1.9149490126872
1.8861082378285
1.8268215461577
2.0374952346397
2.0809948571947
1.7394331235144
1.7250808406393
1.8134175024392
1.8736627918499
1.8601609017375
1.6606835777882
1.5939139971593
1.8857110273268
1.9543088404812
1.6765939948557
1.7686216151022
2.0143621877873
1.5957368135103
1.620356070399
1.4792200867843
1.7489345765054
1.8368938781271
1.310714165676
1.5686316072244
1.620946212136
1.8077381149224
1.9269547976141
1.8422301204805
1.9802775568568
2.0796551981195
2.1533418035535
1.8312836910902
2.1083588106279
2.0864533588688
2.1086944701663
2.292426003653
1.9515896472776
2.2105876536842
2.0055237981445
2.2579733480422
2.0040850866356
2.2049814094835
1.8765393310403
2.1984317801404
1.9072395674897
1.9838434387613
1.879220977841
1.787255542304
2.3721348213588
1.9031541550411
1.7116245414778
1.7475824875453
2.0390891365975
2.1385209829839
2.0473940729144
2.1628028270124
1.7845735695988
1.8566716708055
1.7893675510393
1.6715334448265
1.5707522813023
1.6669009778038
1.5935348972205
1.7263378774116
1.780806648795
1.7332351824691
1.6633393610695
1.6711428743349
1.7550672107719
1.7717751000366
1.6914904162061
1.5431340337076
1.6045721703126
1.7272573288415
1.98574914132
1.9072369684479
2.0982305908101
2.0488111630447
2.3110060532706
2.2104288895439
2.1299362542022
1.8788336981397
1.8596868803056
1.7356568603203
1.9543376096064
1.7219478823059
1.7606614784191
1.8940283199771
2.172904291785
1.8756282857178
1.7272353057696
1.8546188758438
1.9874852678008
1.817099653443
1.8937792261997
1.7838119883319
1.7788887847322
1.5987961658902
1.4779984533036
1.5555955952034
1.454151768266
1.7038061667192
1.5659428495036
1.7834987093999
1.8277817709573
2.0589557398782
2.0240477889155
1.857387790254
1.9827413623075
1.9773662015342
2.0054694539635
2.0335675663012
2.3079624218513
2.3156130012945
2.3295651345591
2.4860250999645
2.2469317821039
1.9798457342262
2.1347924160073
2.2069078921153
2.2442554395496
2.1441278041454
2.3996628830729
2.2452222771138
2.0351397774128
2.0291152088876
1.9590279019365
1.9195122201519
2.137654767635
1.5381448494219
1.5304847326922
1.7548221851668
1.9216442266102
1.9866146033851
1.8888371117075
2.0534106369566
2.0121033500339
1.6447920703907
1.6871497158734
1.6475024569333
1.7425289405573
1.5534901326301
1.6639540923581
1.7220495529227
1.7479860688901
1.623931744738
1.7579312506292
1.5511369059546
1.5279094516558
1.8241750788091
1.935457586973
1.8395710423124
1.7127422157406
1.7006516488839
1.9118641612008
2.1155573573274
2.1162612624593
2.0946942672149
2.4012200672306
2.0072572364837
2.1255561130666
1.9381199198746
1.9689828719099
1.8239310851186
2.080270739851
2.0010188428639
1.9700960054626
1.8221078007141
1.988995950128
1.8703531829382
1.9289135099394
2.0070802050066
2.0262343271637
1.7152755570354
1.7037580399596
1.6945107791546
1.5616075147311
1.7851354846443
1.4544002489574
1.4389783793275
1.762336795252
1.8344684679863
1.8545256974331
1.9851792246323
2.0081307057119
2.1052768017902
2.1150723997011
2.0868203859826
2.0718130752307
2.1744459130177
2.4781950541621
2.3753958993034
2.3334646141252
2.171140596212
2.3608806849928
2.6331749002442
2.1998659444188
2.0691728938391
2.1484951236739
2.1788039077421
2.2834435260026
2.0548015498697
1.8737338262565
1.9243850754437
1.8851646064917
2.1491635102663
2.0475251962363
1.9896704927152
1.9703809338055
1.5330428976342
1.7946989133093
1.5657302964466
1.9370290892063
1.959105564353
2.178133424949
1.733473899809
1.7398694128489
1.8920757202454
1.7860373222602
2.0692106651963
1.9365330267787
1.9204475074663
1.8261173478755
1.729486692277
1.6763867569943
1.7806606089414
1.7498134444647
1.5401169920827
1.649734483123
1.6307667126246
1.6666667163339
1.7720568692305
1.8550892520787
1.7163769252105
1.9239100240412
2.061700698588
1.8118522968753
2.0853591298528
2.1265988504318
2.1783171026057
2.1905767221502
1.8718270340202
1.9321065694237
1.8855637615119
2.0860352035263
1.823643075409
1.853615815424
2.2281907849107
2.1010535168449
1.9955469880858
1.8125015239245
2.010514884027
2.0146220860787
1.5433578018767
1.6611001950371
1.4126515464753
1.6862793733232
1.5092732494354
1.5569373302407
1.6751531146111
1.880123134824
1.7279821972818
1.9150401262631
2.1614464427577
2.264164833702
2.1811838519432
2.2856857074183
2.0935262179905
2.2280337642844
2.5172001447389
2.4126795361036
2.371727384193
2.3230004066543
2.4956219121066
2.2351626962238
2.0526788486527
2.1001901934331
2.0778407463546
2.1078955068892
1.9961344354529
2.0435312691222
1.8387113364326
2.31195328476
1.9935223335811
1.9875681072733
1.8723016450859
1.834737102621
1.8770668683629
2.2227263354229
1.9006741789953
1.938059427991
1.7175471090386
1.850732254444
1.8240014825186
2.1138135885415
1.9043746830112
1.6773743723847
1.7117750180175
1.801792082905
2.0650281720864
2.0399392993622
1.8437785808153
2.1202711062503
1.8249265969014
2.1201651744122
1.9706477726138
1.7940363725355
1.651496641571
1.7838309490021
1.7868671601479
1.6959591729656
1.6899289028662
1.8475228283695
1.8270152176739
1.8794854133937
1.9659417192902
2.0620792416744
2.4042507881099
2.1474031132838
2.2725704727528
2.2260099124443
1.9974228827592
2.0942959139139
2.1145769111301
1.9307956798293
1.9135329135725
1.7890507707242
2.076501048663
2.1000007427868
1.8606186892824
1.8096669486827
1.9173815228737
1.8305246695288
1.6776839475593
1.8684659503743
1.687206543685
1.6898094911409
1.5764391056486
1.8126809807598
2.0848031562396
2.0319294362533
2.1925378323081
2.1314720452551
2.3406430384029
2.074807375396
2.422253618732
2.6121178017451
2.5099402573985
2.3027297928474
2.6474634926405
2.2680058709683
2.4724606857803
2.5238444685521
2.3173335939339
2.3977300072215
2.4359740180802
2.4347569835839
2.1358336415938
2.1495441180559
2.1034099504402
2.0700548751541
1.9299676502866
2.0448386636691
2.1048788592795
2.0605587724506
2.0681829514198
2.0009991909383
2.0727854274232
1.8720879023092
1.9412449110698
1.8583435663884
1.8804477294234
2.1144921487283
2.1571964993455
1.8872761837999
1.6572156291954
1.7066159139443
2.0201311271811
1.9987858527753
1.8350835221279
1.9795398674884
2.0776605734393
1.9777185614735
1.9459098491462
1.9336106678821
1.9925310116404
1.8017909865017
1.7571122693417
1.8487530634154
1.74649630965
1.6703359087187
1.8925781809223
1.7487625647408
1.5869289140209
1.7987998670058
1.9568953498206
1.8218730365758
2.1562621798373
2.3169540286701
2.0808151225488
2.1752071749641
2.0708355984344
2.2017230624653
2.0990755097279
2.2603909626094
2.1781200003996
2.0653080652095
2.2500205123019
2.0996910735459
2.0564326214074
2.1447423315753
2.1451769197804
1.9633905261288
2.0902455936295
1.7640927099709
2.015434307148
1.63743368445
1.7871647615834
1.8924771463249
1.9455291999988
2.156050738551
1.9776712933694
2.0660602718174
2.1487833547589
1.9373553048419
2.0927146186927
2.0643019721674
2.2578520301662
2.4274275318042
2.4603184930947
2.1495901963085
2.1510279116378
2.212523501194
2.23960464604
2.1893586056486
2.3448873244857
2.4394854469065
2.0817120459621
2.1718909366932
2.0947365406349
2.121897879936
1.9535388469079
1.9491360654059
1.9981680648971
2.1695677795625
1.9512737967797
2.0003728762216
1.922864572655
2.2426922936647
2.0726151111613
2.2499383704142
1.7852176382607
2.0033372419644
2.1529226018369
2.1957690164853
1.9192080845955
1.7905427887755
2.1874028125617
2.0039814427145
1.8315556278893
1.9932767300731
1.959559642548
1.8274139931298
1.8082095084406
2.0332684930595
1.8885166626337
2.1311190918879
2.1545963112434
1.8048657283118
1.7651193041252
1.8190971346612
1.780983660268
1.7547016723004
1.7184312884482
1.963215869721
2.0690655194032
2.0048790429716
1.9500432448772
2.2702656339515
2.2768726088234
2.2801978604167
2.089442814781
2.2517759799296
2.2587155566308
2.1103167442147
2.3846361803599
2.3422890840525
2.1603708686174
2.2939168020092
2.377276769421
2.2938954754886
2.3803753414571
2.1575086614617
1.8145360985638
1.8756912056718
1.9560195008819
1.9759962682368
1.8513240666186
1.9603796595338
2.092069655275
2.141944757511
2.21721844567
1.9490206288785
2.0459084627475
1.9299284153085
1.7130057445486
1.9374771879499
2.1255997297634
2.1002737126284
2.3061453455317
2.2545737595771
2.152347780445
2.0972925090282
1.9967822313406
2.1221532653295
2.4002275957225
2.1361193204577
2.2223743771077
1.99299286967
1.9342509228797
2.1530983933193
2.234250404419
1.9646840999973
1.8786926423025
2.0447608430262
2.0967310375359
2.1565527010051
1.9140515432291
2.1332473382775
2.0587176982259
2.2441200978222
2.1274509474702
2.2952705984715
1.8600120734745
2.0772987319245
2.1161776954088
2.0711064453983
1.9008629266314
2.1676669211121
2.0846809456626
2.017363876069
2.2148168444797
1.9487089947581
2.1674426983116
2.3864000583194
1.9618470474302
2.0058803048167
2.0130889197544
1.7830335479144
1.6584530408407
1.6783276145573
1.7933822927807
1.8679547818299
1.957765876435
2.0352140175589
2.1748796896246
2.1521305687183
2.2158670573473
2.209275810112
2.1376314093927
2.1552204378726
2.1415174419186
2.1960431374835
2.2562068939772
2.0061456079282
2.1309895243382
1.9263052109966
2.0977374958931
2.1135403713563
2.2676574248088
2.376375502645
2.2535681104151
2.2129385871953
2.0240629426933
2.0696695011604
2.0155984064624
2.0786198425647
2.0261296671251
2.0412794027246
2.0648459654299
2.2712010311698
2.1774342654097
2.0722139828993
2.0945311607813
2.1164323738825
1.9561326485434
2.2549619581931
2.3196060631769
2.0714339205871
2.5247932315574
2.2520011998773
2.2622928476329
2.3682987269408
2.2236991356817
2.1341593008295
2.6928395967503
2.3620187400117
2.0694268190918
1.9423115407868
2.1555808892357
2.272270000268
2.0162169733897
2.1044286259332
1.8731776664603
1.7232315828522
1.7662225703655
2.0640074085856
2.1018029778403
2.1612706956356
2.2886831464252
2.1618514196302
2.0351644581575
2.3492524877023
2.1497323493772
2.1460517536438
2.0622005267204
2.148892563882
2.133667763715
2.2259048603498
2.1939538423975
2.1531209689664
2.5495707275623
2.2541964090733
2.3611876378998
2.3324427819172
2.1619823800109
1.8627433760704
1.927733471933
2.0746802508789
1.9102614380188
1.7878820723175
1.8990142217314
2.0519685695222
1.8137068187264
2.3462495508723
2.1489462377122
2.0166022792539
2.1381582879404
2.2157802123959
2.2118805198239
2.2231356730904
2.1942397576983
2.427215776367
2.3776642563052
2.1197434100471
2.0194838370796
2.1082564344138
2.1069791064703
2.107408543494
2.2684527988089
2.2460508653337
1.9934910160212
2.2435014422848
1.9729910000262
1.910235514043
1.9967406587896
1.9669395825212
2.2819531137241
2.2091257270809
2.1487907950927
2.1130792204627
2.0038204367404
1.964649160167
2.0258847600721
2.2242687567977
2.1771532909041
2.0955351778242
2.2951077506589
2.0973828788824
2.4105927148499
2.4482638698084
3.3227000549037
2.5899721694438
2.2458211474598
2.3436026687892
2.2422630487427
2.3173670040541
2.067904048937
2.3862049542777
2.1881901009816
2.0540775955354
1.8835034303424
1.9967069398554
1.875114656649
1.7500196030611
2.0037519646698
2.303737072848
2.1644718402827
2.1126735202384
2.0616577878849
1.9858140267649
1.9792078393958
2.1630077318382
2.3690559219715
1.9191334472086
1.7747523185706
1.9994822146794
1.9317756198453
1.9428382044766
2.1636741176004
2.0269919938876
2.3350346403121
2.4718029256023
2.3913480646348
2.3790305004885
2.1971465560431
1.9460130585628
1.8503435983385
1.9299288853938
1.9468710829757
1.8374104946649
1.782122321667
1.9495515266903
1.9905240240415
2.000726450367
2.1347444172822
2.0259892792436
2.2427840789641
2.1115931863589
2.1441753435832
2.2267893122603
2.2753130736869
2.202112598502
2.171838826778
2.0623634035532
2.2047290801786
2.5574735228152
2.3112940566282
2.0657329965891
2.4158961022014
2.0969335383949
2.1137529378655
2.1060409693188
1.8990309808846
2.0863172581815
2.0220471984931
2.2030344391075
2.2199510411883
1.9108249233992
2.0963732736662
1.9813597219911
1.8603431211346
1.9420047007777
2.0282110334217
2.1493633801746
2.4166789352174
2.4198222719337
2.2441982959852
2.1407679126733
2.5923712289622
2.3491382941995
2.072159986339
2.1169627179124
2.1713000886924
2.1735258047284
2.175126207713
2.4982252603142
2.14723589882
2.245936102781
2.2254310109666
2.0387881389522
1.8467986725914
2.2015632776138
2.0908721717817
1.9122007235825
1.9177653428978
2.2737830165457
2.2542379662245
2.2771358601696
2.0830457372439
1.7729652919686
2.1099081526774
2.2409890660612
2.2424389894225
1.919443138006
1.9297160305503
1.9994588247052
1.9146140730152
2.2913593083317
1.9724317602456
2.172186063044
2.1120068950753
2.0635362779945
1.9992993357256
2.0178647924661
1.8880894253475
2.0388989707961
2.0133023711671
1.8503394483578
1.5881478174969
1.8531990110462
1.8668769399763
1.8836319203258
1.8441509377779
2.0630663085516
1.9515581416319
2.0958563592599
2.018783376801
2.0894096881486
2.2467001166721
2.0737226591029
1.9039309584047
1.9220531381488
2.0766378662237
2.3747629889988
2.4579592189722
2.1884293401964
2.3329801468077
2.4587048860929
2.3148368655731
2.0349438652546
1.8133744977254
2.1717896475817
2.2393933680948
2.0872796914767
2.0744709695146
2.2140565853538
2.2288268185555
2.0156521617487
2.2857727962506
1.9882900694423
2.190817396292
1.9801869451529
2.2217854964722
2.2246201919017
2.3482708668044
2.4415557892782
2.4779234585364
2.1239055446569
2.2536738479179
1.9372099387859
1.9130480957361
1.9562313044565
1.972608354549
2.1619709900465
1.9362636634466
2.3274289841484
2.1785070643333
2.259564031247
1.9197716742269
1.9453612925469
1.9544238602092
2.0037297248442
1.7912048104073
1.6726632825202
2.0703405521969
2.2479547690539
2.1415667075239
2.3517068359913
1.9334940707424
2.1182471024502
1.9581731520362
1.6743461583792
1.878617944098
1.8182671352771
1.8922291031119
2.1698106873368
2.0871608696622
2.1382850381696
2.0321903499663
2.1396560626778
2.3068889832312
2.0708889631431
1.8654782024858
1.6342164204985
1.7988328054244
2.1051514671962
1.9881329319169
1.6027399893173
1.505625745965
1.7373709914555
1.7841380137757
1.9507887425928
1.8122126413711
1.8759383856747
2.0196219910403
2.0435091397604
2.0002453208853
1.9650812896
2.3688110801005
2.088670040092
2.1033265146528
2.1818618275562
2.2145906244194
2.3306778078236
2.2260093922823
1.8502251958994
2.3623007009815
1.9307271238441
2.076301281523
2.0845364980814
1.9460478572234
2.5404142254828
2.436129793935
2.0072404605158
2.0353558431942
1.977127591482
1.9847661252106
2.1121012273735
2.3025059413834
2.2731379589455
2.174193368371
2.1284457205356
2.3739792837963
2.3441736169487
2.1558053633245
2.0684299141017
2.2445956368024
2.1857112893931
1.9863377638516
1.9471857593556
2.2469708257739
1.9600628509211
2.0855595585879
2.1956315210169
2.1396439138686
2.4722773194981
2.4303298224304
2.2477509726302
1.8505623275654
1.7743054930221
1.4636352010749
1.7473766297956
1.5985143008642
1.7372621322239
2.1007671117983
1.8883172882635
1.9196189465993
2.3744091013598
2.0209800659709
1.8259334107405
1.8746518247274
1.8727701437679
1.8819732255449
1.7793546270065
1.9103230258862
1.9665992058839
1.9115531489737
1.7780487039694
1.8927736962982
1.8622425953065
2.0695540669154
2.0271298117613
1.6767735517564
1.9646080763317
2.0595379223698
2.1766683135594
2.2024921435755
1.7752565770558
1.7537300400626
2.0117204234889
1.7950876772255
1.8993616132949
1.920072265947
2.0251351702447
2.0242792517399
1.8291549682175
2.0615760869415
2.0775329668578
2.0912877533396
2.1572342479598
2.0881082688334
2.3474773300462
2.1959167935625
2.3021042928809
2.1013631940462
2.0763081355465
2.0945503323054
1.981710442551
1.9709213130051
1.9374824644347
1.9279333270497
2.1328801598493
2.0014895616372
2.0171546631882
2.0227345108471
2.0947364824522
2.2584088102968
2.4077651697861
2.4179758176574
2.2889225194839
2.2817093895971
2.0595876941681
2.043925399061
2.0970615230391
2.4782850563321
2.2255308804057
2.238439544576
2.1261605225437
2.0581292121471
2.1301885519192
2.1586342091735
2.2113145096788
2.1248692964136
2.230090945215
1.9616787057649
2.003869618053
2.0171580097231
1.8571040121063
1.7527892548488
1.8043874984743
1.7012491433478
1.5714610810796
1.6046534636198
1.8222048549786
1.9635277909949
1.941123814279
1.9732980277667
2.1497504760009
2.0167144740164
1.9758772313333
2.1696533123742
2.0473666401917
1.8306934609439
1.6691178227438
1.721263380345
1.5505121085256
1.579846093553
1.7466095311889
1.8287620756271
1.6562048941467
1.9263393079636
1.808355049037
1.829863316403
2.0066788357168
2.0080960546376
1.9752701969415
2.0707845850723
1.9145872763573
1.9465972805541
1.9460784000323
1.8735197389484
1.9378363275223
1.8967782900849
2.0719975080956
1.9381093987931
1.9827590888749
2.1192607985433
2.0964800179734
1.9324967384304
2.2870238886634
2.1177074619171
2.1173956922981
2.082689662032
2.2654057218916
1.9530629553598
1.9354660792679
1.9068068715721
1.8778024469427
2.1106532416939
2.0981319027836
1.7166598096977
1.9503386341775
2.0119003229147
2.1968701691847
2.3091297361253
2.1189585329032
2.0767497403635
2.2447433726118
2.2634267714821
1.9863478169727
1.9669580603388
2.1046702976281
1.7799895168285
1.8393726698551
2.012856946012
2.0108180545158
2.2471453762097
2.0012474515379
1.9318325467991
2.0394697232926
1.9469262957523
1.9024805108013
1.6910843896804
1.7513535941822
1.5816801988774
1.5681598664765
1.6053976071442
1.7316319485954
1.7263282446815
1.8294049627264
1.7194990242147
1.6899489280716
1.8001414075735
1.7096144768268
2.2005224020069
2.306950735764
1.9093411021901
2.2396239167616
2.1203153422434
1.9234908598432
1.9346060236388
1.9865426129302
1.8491723058511
1.7721901511291
1.7983182677182
1.6326950198841
1.7794230740525
1.657757615739
1.8980149800301
1.9900975892128
1.6934495387288
1.808212861588
1.8115995348692
1.9711537109721
2.0139975150057
1.9653917773249
2.0236198779537
1.721732258676
1.8423753191513
2.2057995267959
2.0759077874389
1.8178709649897
1.984472063068
2.1312207510911
2.1067356628361
2.1119919650072
2.0324637239783
2.3671811414315
2.0703127928796
2.1484281220205
1.794037848973
1.9060590525482
1.983142702776
2.0486680718522
1.7731681404638
1.7893492001735
1.7288101667458
1.8953499516715
2.0955091351438
2.0404709874891
1.7180641514937
1.7584667379573
1.7165218531373
1.9748816063665
2.070709211283
1.9258829120932
2.1872259826163
1.9029496194953
2.0388010028606
1.7949142854336
1.9621801434365
1.8511068641134
1.9376949137496
1.7953010576236
1.8488005486735
1.7555165591365
1.8230061476877
1.934055223055
1.7180970447529
1.5635809893706
1.6318096250185
1.5754826396746
1.4330320841362
1.4725694733914
1.5337056542181
1.6450293727871
1.4410255070015
1.665583307357
1.5879840735584
1.782200832658
1.639836995163
1.7646527280367
1.7875347367495
1.7520089217999
1.9761945673057
2.0114944869433
1.9828774623079
1.8537665370321
1.8285382344423
1.7890023582276
1.8890746590305
1.6963572056948
1.5972006063666
1.5995631644302
1.53999282554
1.6515389105771
1.9158876989665
1.6268242361998
1.8845537989302
2.0764672028677
1.7359357949179
1.8915073501952
1.8793810238159
1.7419074979947
1.8460859421589
1.7756544745781
2.1726161582069
1.8800583116514
1.9258458424389
2.1366085181129
1.9219159042072
1.8633734587011
2.1327250678367
2.2461875447131
2.1366394988202
2.1270211910242
2.2259905597261
2.342507860443
1.962824472256
1.9067611520054
1.9287201790274
1.9324701023755
1.9343662254081
1.9813064324548
1.7236327278946
1.6410139164814
1.5884761891773
1.8582727523739
1.7269985740636
1.6885972706679
1.5916175000837
1.6948723581924
1.9549738946827
1.905634360367
1.828091051753
1.74399836177
1.9848570953119
1.6352273732252
1.8602106258018
1.8383532075283
1.7699608882918
1.7101983799346
1.6623975650832
1.8508161092776
1.6713405082099
1.7195066224524
1.7001034167926
1.7579860043296
1.7398180320505
1.4987114196794
1.7909136495568
1.6316590484907
1.4098205938563
1.4816373547851
1.5091831746526
1.4891518450253
1.388445113327
1.7247112558859
1.6109603060716
1.5928420243811
1.6672471703996
1.8768276748256
1.8442349061054
1.8375633769245
2.1089665188063
1.9345014427019
1.8769238161521
1.8409632820743
1.5801821915347
1.7621982664029
1.7046867980437
1.6709889632659
1.4872104921663
1.5553546127766
1.4746398983681
1.5027240342679
1.7369333731172
1.8745090048564
1.8206038468088
1.7623576142656
1.5879517436339
1.8294080648392
1.9384812293088
1.853086789716
1.8570340759686
1.7969550378236
1.904595753407
1.933805735373
1.7838307017196
1.7688265848852
2.0150653593873
2.0996059985017
2.3376493474006
2.1697462465871
2.0341599958325
1.9793495990486
1.7823266781016
2.0181251909766
2.0286835324434
1.8873523786414
1.6963376772483
1.8057068528639
1.7421582290993
1.7184135412328
1.6465636202889
1.7162024374134
1.4907491255477
1.4916805781103
1.6459224702879
1.5910587884153
1.3371279863976
1.4223939798426
1.7035602860129
1.7125107671669
1.788495427878
1.8777741407222
1.8715619263176
1.8959468423202
1.7013914095434
1.98153273125
1.9739896075547
1.8695902036222
1.7356473209075
1.9004795039981
1.8153625103706
1.6922684608507
1.619824300079
1.5967866777032
1.7149355603187
1.5500166338211
1.4933980647214
1.6600886233989
1.4653871012293
1.4279491755741
1.5029920315582
1.3920237380196
1.436462435025
1.5164224862415
1.6611684177341
1.7070091266924
1.6141244891645
1.6411765970458
1.7393190360999
1.7531893262865
1.9300488736287
1.6621518297683
1.8529355330703
1.7254937168185
1.6992339197919
1.6271926815338
1.442030282477
1.5197555335192
1.5356914363687
1.5065496598889
1.5789865788951
1.887075026069
1.7519739699603
1.9438118769821
1.8712138273955
1.7770451085227
1.7117860507
1.6858053053702
1.9406305468037
1.5940320408348
1.8830422700191
1.7500833884847
1.7081336667767
1.6528926197671
1.8341260533781
1.6052529115882
1.7948481331146
1.9942973714144
1.9274340069584
2.1350947600925
1.9838771300833
1.8652705582519
1.6891523192475
1.7101995574254
1.9346636923314
2.0105525656979
1.89278487941
2.1566822730099
1.9029772652625
1.9823618374381
1.7656433160865
1.6777758372065
1.4588613091437
1.5653384397634
1.780537729565
1.4157452557131
1.3959737021294
1.390038119712
1.2808845449478
1.6829674531598
1.9177900937298
1.7998261405066
1.7454930393722
1.6048783668259
1.963997176744
1.8621874553684
1.9290055096324
1.9134679819059
1.6195624797993
1.602865579482
1.6021596304958
1.5253158166266
1.6298472708181
1.4219500284672
1.6469920844726
1.5759532902357
1.6929973122586
1.6256465436071
1.6552807501018
1.2995899135824
1.4125789936754
1.5573504996715
1.6272114445051
1.533213420806
1.624269881653
1.903488280153
1.7705181541537
1.7530943292009
1.7301516929933
1.5960575575174
1.7059497153765
1.4844238052987
1.688365338776
1.7749698752817
1.7151071615139
1.7377122460425
1.7706414976298
1.739821372558
1.6748193655683
1.7093026481811
1.7928898255319
1.6987165840332
1.7866706720642
1.9198722679633
2.1417307874524
1.8279997117248
1.5791095733168
1.8158011448327
2.0273482150607
1.806240309972
1.8335632374052
1.7662305560596
1.5568047056882
1.7951941564877
1.6140407206411
1.6849304948536
1.7702484331299
1.724305598273
2.010620263484
1.9369545844677
1.9289741178646
1.87778091078
1.9331993962634
1.7416587193188
1.8412599253807
2.0239096474008
2.0134133396794
1.9740034055524
2.0407141759974
2.0580742886263
1.9667192720825
1.6669537032472
1.6994313151521
1.6711157799007
1.6233925096355
1.4272853381514
1.5122704867275
1.3985633739312
1.2467196363549
1.5952318380019
1.6993603491479
1.8120622322585
1.9047292761587
1.9109702586032
1.9922377639947
1.9600571115243
1.9447443291499
1.9375913931724
1.7333945892
1.5260438235527
1.5166457122153
1.7256862160534
1.7623462980288
1.5845862351924
1.4096649005158
1.782822050042
1.6199272054506
1.5632161835927
1.6381071062058
1.5469442571484
1.4988508414715
1.6235777881521
1.7282926313459
1.4924458897934
1.6202903543519
1.7300648630382
1.743002698205
1.6114001244116
1.6012746416
1.8495780601362
1.5247858178364
1.5348824001134
1.6705115595751
2.0547024260866
1.6251814570371
1.552878670809
1.5572076104276
1.6263416710758
1.606042903497
1.4653789481751
1.8245712591274
1.9247738000104
1.7954298865038
1.8967591515566
1.6955502606431
1.8526063775809
1.835813931484
1.594951666447
1.6167926172116
1.8615856717813
1.8097571189573
1.9436216522371
1.7724030536646
1.555438955064
1.8161755271774
1.6467791319232
1.7937578199353
1.5403994823144
1.8845569628059
1.6817112851617
1.6850345386499
1.7717140116188
1.9368377233282
1.6922233736542
1.7667370247116
1.7325989040583
1.7166310822322
2.0017925059408
1.930699515827
1.7974363537804
1.7870476630702
1.7922641049553
1.9325943483074
1.9156035927686
1.4860488430985
1.3151908068576
1.2760401975497
1.3118838284982
1.3631221000435
1.4819752152252
1.6643576682907
1.8702179457094
1.9953747299203
1.9571614597756
2.0165951070961
1.9001577685452
1.7361787964921
1.9166221778021
1.7877370208605
1.7325021595739
1.7591751252065
1.7729430288625
1.7692448764415
1.6324544958085
1.8486907109194
1.594295024166
1.6904356812347
1.8297062629222
1.7881014806817
1.7771053676257
1.8004476483216
1.7765826144286
1.7272673670895
1.5899827038738
1.6195370225706
1.5134229171546
1.716145392907
1.7090116382381
1.8226949772492
1.6294023366491
1.8577083974609
1.675709485432
1.3820166478075
1.9770584711443
1.5635588463847
1.5143334412832
1.5809594718287
1.5491774771472
1.456223602217
1.606027410239
1.6023498623501
1.6239013232626
1.7999379419105
2.019089294577
2.0820075198674
1.8981874525247
2.0175478338048
1.5597742236383
1.7843715203989
1.7405163627048
1.8211332981062
2.0305669263266
1.9011400244375
1.9844432347947
1.9224342727265
1.7309319375034
1.7363235715928
1.7103823308875
1.8998911118021
1.7553238623327
1.9854798677637
1.9446446178556
1.7866921849529
1.9021770039772
1.795130256203
1.7003001211181
1.7932531311191
1.9069543234779
1.7330800786006
1.8061755699347
1.7088200708279
1.5557822494028
1.6775877078171
1.8624693765022
1.65065584361
1.5778124001002
1.7525835777751
1.6127789221365
1.638621881586
1.53846049253
1.6798385674424
1.8992066486935
1.7134470434546
1.8943762956523
1.8917772048488
1.927120068821
1.7431717651437
1.8084926055831
1.9141197776252
1.9812834732512
1.8571796488888
1.5164809604872
1.6867042027383
1.7985365542289
1.7486409153284
1.8079659251829
2.1103883916413
1.8103362415045
1.6533745790595
1.4673841380355
1.6384723837254
2.0290758534815
1.7410777361216
1.719066915022
1.6943699801248
1.6901057624469
1.7706074666859
1.6778686859208
1.6968132047792
1.637385879392
1.8223134857504
1.8079757992875
1.644032724111
2.0302716806173
1.6992442350585
1.5910662414294
1.7076410053368
1.6277053388083
1.629316464358
1.7310195402144
1.7991597290842
1.6521588483393
1.9575872570664
2.2583799325456
2.1981496526337
1.8033108430601
1.7862620405733
1.8110341232255
1.8356690009507
1.9046558831279
1.7004286903627
1.8966263940901
1.8272569679875
1.8575624222527
1.8302740698022
1.7242763042779
1.7137499557153
2.0245811587668
1.8962048998378
2.0044283334843
1.9852742706768
1.9792396043048
2.0568093174874
1.9095780871607
1.7306993346976
1.8842984596383
1.8861477051
1.9095095707219
1.7993441422514
1.9165301375385
1.6865711876946
1.8646855278772
1.810700943815
1.9035745502827
2.0213959891019
1.7020361874303
1.9883246657721
1.8350032970808
1.9201664742915
1.6374524218997
1.8117733142191
1.7845416555423
1.6207601955935
1.8030817748461
1.867379685044
1.8536188366822
1.6477895844568
1.8630484194236
1.6594860184466
1.8784253077704
1.8021869314535
1.7742291665582
1.6260606987587
1.6775220752512
1.8617523511635
2.0675969627196
1.7099217283903
1.5026452208861
1.8212644070318
1.7197972891286
2.0037130407679
1.9187494735852
2.0011581542808
1.711382542734
1.6362831521644
1.676494235977
1.9200164616773
1.8181879058856
1.7480374005195
1.6841990719492
1.8627581727511
2.0941908664203
1.9503232039301
2.0038589190644
1.7781077524774
1.6868492409886
1.9047423190097
1.7812758986502
1.6930179245764
1.7840244822647
2.0202549163429
1.6005261668769
1.8682974708544
2.0017642374483
1.8759924082005
1.7959975055004
1.6094308792838
1.784099820314
1.7286117245624
1.7193787671847
1.7772831102498
1.8506910638451
1.5791079588244
1.8584669967596
1.65176026114
1.6583550966293
1.7091354210673
2.0489258277966
1.8893338696517
1.827839886454
1.6877725920672
1.997603198434
2.2326458386673
2.0342061868515
1.9262857239703
1.9350662033669
1.8794024462152
2.1070701894498
1.7796742301439
1.7960760552508
1.9156806904719
2.1025730072852
1.6235135040498
1.7347083510514
1.8795724262933
2.1173477641032
1.8969882001667
1.8873884477474
1.9443021087162
1.8622147169791
1.9140116309878
1.8984023073999
1.7040006828986
1.8050421119728
1.9388250850222
1.6836308597981
1.4912395235929
1.7374269502735
1.8102036074615
1.7451770800324
1.9668644430319
1.7258148870379
1.8436756916912
2.1083737414608
1.9123275130737
1.7680443620547
1.6815937821546
1.8066412269971
1.5663563924504
1.907856912715
2.0025989420109
1.7045191066394
1.7241798725656
1.9049034485978
1.9277228167362
1.5422284649255
1.6832116772582
1.8095732898799
1.9236711867913
2.1401226900474
2.269730000563
2.1890457155156
2.1371022206842
2.362302388456
1.9382133012899
1.7921409593508
2.2523442774206
1.9918624265193
1.7966004178526
1.8506810405088
1.9423541145684
1.681979868372
1.6659716601916
1.8165844627861
1.8662770884883
1.8031684223483
1.5438349698691
1.683608659413
1.6812405590272
1.775475413524
1.7492530506191
1.726149080042
1.7265553061277
1.8507074889681
1.7081444456512
1.5365537612743
1.6115839258299
1.8390097697677
1.6923094985057
2.0349868216938
2.0425961287378
1.7808215515563
2.2532272763407
1.9016709251867
2.0542685322315
1.9563829334204
1.899964662704
1.9669558634149
1.9559763154317
1.7809351189604
1.744291732216
1.8152342615843
1.68373514922
1.4703472905127
1.7460115524636
1.7903458307563
1.8973690765198
2.0053090887285
1.9667196477022
1.751880779869
1.7977323271145
1.926982403365
1.8501468123155
1.595939689716
1.8209173370529
1.8476097884262
1.9519109377799
1.8043900152991
1.8438289748267
1.7540650978064
1.7346623659184
1.5771682189292
2.0238374070223
1.9647058691732
1.8050688884912
1.7121013451617
1.8326292005533
1.7439185684199
1.8320659872863
1.6901853319619
1.7162483078526
1.8891324671504
1.6446679993886
2.0077254390739
1.8415179939757
1.8511196382097
1.6505221851486
1.6004768149548
1.7270929717827
1.8102925349327
2.209358175059
2.5277030634847
2.4445086219789
2.5717919643548
1.8646208092693
1.7915742114137
1.8668334573126
2.0173264531235
1.9841230556266
1.8420324814538
1.872774732081
1.7100127666864
1.9607091131879
1.5297940653659
1.6680376332614
1.7971115993448
1.7744295630548
1.6954972683766
1.6540195523719
1.6369272609584
1.7361116836493
1.8522791616014
1.9019053515892
1.7083300670008
1.3959928549573
1.5372609994961
1.657460768987
1.6447626314532
1.7686927292342
2.2352447177649
2.1319316082685
1.9684978829752
1.9668450196115
1.9433895544875
2.0036060518195
1.8765886954599
1.7815032468774
1.6506761174837
1.9107079683478
2.029325872728
1.8247652435788
1.6852629232635
1.5443920555803
1.5630405460489
1.5768206763644
1.4514323183071
1.8251437203646
1.8253659726611
1.8567782124201
1.7450467539385
1.7773705035375
1.4073406039921
1.9602598032347
1.7580253520825
1.6036788652045
1.802448030899
1.8954109228316
1.9129691186288
1.5950155816936
1.7009119729129
1.5148004083836
1.6872652310016
1.7380752718297
1.8123796856536
1.7494580932971
1.8117881970724
1.6236202973675
1.6611899872414
1.8092451693324
1.5063971021621
1.4154709571106
1.7261450121501
1.6255825278388
1.8230805294598
1.7025486515848
1.8450425132769
1.6170007300886
1.5102523444114
1.6720001669738
1.8608804909809
2.1260755248408
2.5508464942601
2.8665060985106
2.376409122708
1.8181032724395
1.4779474030356
1.6327071936129
1.8352645872049
2.0406771693083
1.8088467205016
1.7896891740132
2.0607775994787
2.0604486278354
1.8897059445514
1.4223552164961
1.6999882658165
1.4266778920822
1.7140250038547
1.7198933477134
1.631074210307
1.6714525314984
1.6761354846038
1.6910383587793
1.5541144581924
1.5456572213058
1.7253708048077
1.6608174127119
1.7779529605249
1.8008066826526
1.9827709625164
2.0565850453725
2.0664777915157
1.8586653159726
2.1251466948583
1.8696259745892
1.8542905562401
1.7573779055735
1.8219682443233
1.6541960202329
1.6495196958888
1.7211189271712
1.6699242527634
1.6747513633809
1.7480262805083
1.6238009059273
1.5816811064225
1.6042809240019
1.8793782905169
1.6624526307967
1.6702368726449
1.6297958469281
1.5902088020052
1.9604745814731
1.6736968251102
1.6897388725257
1.7372962509652
1.9999695769389
1.70713861453
1.5704422549775
1.5917719579542
1.5146894654878
1.5376747436697
1.653646579668
1.6557721522552
1.5398556428881
1.7668889648243
1.7686783913396
1.8047649914588
1.7221440996788
1.5300098101257
1.5143235247054
1.7008255750618
1.5910130811417
1.6457598443522
1.5486968759464
1.7075502652466
1.533207799261
1.5738157873971
1.4871128828971
1.6301020463703
1.9381180000547
2.6127489820455
2.6549137506497
2.3077969698922
1.8265080302192
1.5342123593157
1.6506753545507
1.7528313925774
1.9600039671632
1.7030981272781
1.8881018183386
2.1576019744317
2.0926395358429
2.0223246687326
1.6920777904547
1.6624584553045
1.4426214828341
1.5702374029448
1.633062984715
1.4640576604553
1.4657864851181
1.5291919050207
1.671692522942
1.7719343935724
1.8033016462972
1.5393055746756
1.564622923079
1.7223078206587
1.9504477901141
1.7620605454299
1.8061032535773
1.8479938961956
1.9702725799657
1.83730104198
1.7349483953369
1.7336820367801
1.8258970930859
2.004965755495
1.8568803505876
1.5154601548442
1.6511688789407
1.746549387893
1.7582865869091
1.6723871738457
1.711751156989
1.5543276506723
1.5346230860246
1.7125351309593
1.7397962278987
1.7098312788482
1.7902434109084
1.6862282816781
1.6052223752634
1.5637194117163
1.6717819137182
1.9219118453065
1.8131413524842
1.6812580233451
1.9719690144702
1.9314658550826
1.952169045186
1.5804814115509
1.6301430792984
1.7304394317981
1.6493371714125
1.523559616078
1.6539881849214
1.732793153524
1.6765297874152
1.7765837688402
1.7446909391095
1.5723035757228
1.5563003799311
1.6599304495334
1.6629975128238
1.7216414763469
1.6102766268962
1.7735468510996
1.4887162487314
1.6547067036102
1.8922375283529
2.2051321087291
2.4983067336594
2.3044499535654
1.6885139490287
1.5100267574467
1.8534681953585
2.1559069979458
2.0488313999356
1.9829185442857
2.0972673242232
2.3958869997164
2.1332010047624
1.94178511961
1.9303787590349
1.7414102049516
1.5925191309613
1.4811672481207
1.5420511775277
1.6245177333472
1.4894695018216
1.5301730754126
1.4433164119951
1.5566459242215
1.5182849876955
1.6321308943538
1.7627402681768
1.7448714276985
2.009036441786
1.6929611248402
1.7809530974608
1.7417687588763
2.1011779275633
1.7336204757142
1.8803972839379
1.6396349954012
2.2804002814779
2.1187781401673
1.9593903453468
1.7399446606199
1.4911226521945
1.9305592175862
1.8464418858246
1.8645856347347
1.7412719658197
1.8091960699207
1.7261145788807
1.4627011791661
1.6551001611017
1.676170906706
1.6105783555308
1.6329864132679
1.7419697136831
1.4794469729191
1.3494019818637
1.5420468506499
1.7761735219311
1.6876063675017
1.7714117372593
2.1660600949713
2.0211698104982
1.8225212113871
1.8229917915572
1.6965607577643
1.6694809782408
1.7323390794082
1.474130992827
1.6538713577139
1.58300646381
1.7639256967494
1.8072449870849
1.8102094476438
1.7579104250025
1.5857765688036
1.5944870868807
1.4882292613938
1.5460851643798
1.7298974310452
1.7702032252922
1.7363893845483
1.9149435426294
2.2716908452578
2.40114507275
2.7015356934395
2.1282789850359
1.5243406911897
1.9100815157564
2.296923895913
2.0861114997492
2.1906557813434
1.985747703122
1.84491879943
2.0790537039498
2.1173715299698
2.0272972980223
1.8632427116697
1.4836193295469
1.6950105449559
1.6869345131223
1.7417875943299
1.530353085441
1.576463964551
1.4421537505621
1.6458744785531
1.3663760799616
1.6208703137075
1.5135934428186
1.9250699090336
1.9607573017609
1.6121087116339
1.8853283485045
1.8979598434504
2.0130191952367
1.8928725064856
1.7147332989612
1.6593576319223
1.8013785726005
1.9205591431573
2.1022347267722
1.7594946416316
1.8110832600208
1.7714712254003
1.7137163936392
1.6917401694011
1.8981356802918
1.7697372930508
1.5867051047745
1.6965946817862
1.6571866458222
1.8326985951392
1.7513318882455
1.6208407216511
1.8684334942766
1.7343875219679
1.7566283340641
1.7717304674862
1.6711138060183
1.6490013031079
1.5726038947878
2.006355410823
1.7648780745276
1.5117167954531
1.7407790183319
1.8238059226194
1.8484510883971
1.9835295968268
1.7608882566556
1.3965893936924
1.6213117367846
1.891188125899
1.8803143101826
1.6748178521522
1.5304556047396
1.7251437710452
1.5574151167802
1.6025203983005
1.6771131787807
1.9031112084656
1.6708564820462
1.6147624945735
2.1509177156251
2.6679322200291
2.7689063650901
3.2017639097503
2.5779664234925
1.7738882264601
1.808026788265
1.8857738093376
1.9943497223253
2.0833404214676
1.485687321446
1.5347939789684
1.876236090508
2.0640837647696
1.9911987832888
1.76169473719
1.6224704251709
1.9697066665077
1.6359923969033
1.6298159918187
1.6903237308688
1.5501611574067
1.5713040026757
1.6576361378333
1.4021542178268
1.6850161661954
1.9944635626738
2.0727218303843
1.8906663412362
1.7510588822008
1.8814379777606
1.8703801920137
1.9129876275093
1.6472054884859
1.8113305919879
1.7197216045756
1.6781489012501
1.7764820330937
1.9438362027322
1.7968779912541
1.83047184947
1.7337141486092
1.7155886765416
1.7171421614364
2.1048440041853
1.9067039186284
1.794079165121
1.7953639332435
1.6553797755629
1.7257405998914
1.781106225966
1.4879128584632
1.8297131367329
1.9667093330621
1.7382251374592
1.6717396878169
1.7791555259479
1.7253629583121
1.6402026791684
1.6457919854535
1.8671812804145
1.478189225945
1.7386353277239
1.6143135683107
1.7463419518397
1.6663989359159
1.7131888953051
1.5164291216877
1.7412564770842
1.7458428258815
1.8060770460476
1.6663725804424
1.6309997188623
1.8196366091715
1.7377100933111
1.6983004121428
1.9445823859422
1.8635881088554
1.5690399083801
1.7636933154337
2.0571540694938
2.9239087259425
3.0287048402748
3.3778432255596
3.4341224006628
1.6762556074253
1.6577757328923
1.8647891290839
1.7716323362607
1.6969103234304
1.661969398939
1.8065585835937
1.8633712046515
1.9407796957566
1.9158053371687
1.6173448352567
1.618939174192
1.6135125547637
1.505457960432
1.6231141143865
1.6350936557911
1.5425391614902
1.9087411334436
1.9547286582901
1.7939499048689
1.7356093573193
1.6762804539425
2.0915072995391
1.7966817930351
1.860552582681
1.7321926440255
1.9728868850493
1.683994520601
1.7690128789074
1.768090050693
1.7727790770515
1.6049862436312
2.0002026474723
1.9062783306729
1.8580122102194
1.9278831225318
2.122015275986
1.870339263065
1.8418660319656
2.0580157124763
1.9740849718754
1.8044818922914
2.1018082060691
1.8987936924546
1.8527939582379
1.8870034514785
1.9190902407606
1.9137638372191
2.0247119447312
1.9685922289973
2.0880078065128
2.0874748007903
2.0948576164997
1.9231258542388
1.6098917163883
2.0408715234566
1.8338543229053
1.8937305113666
1.6668970285002
1.9526674917114
1.8040086921313
1.8206175013649
1.5208495461486
1.7827323390367
1.7303751771267
1.7062967235786
1.5960572823409
1.5054516744214
1.836189524337
1.8199715959861
1.7037109135524
1.6941145496722
2.0010825948356
1.765441698662
1.7179543190697
1.9331933473182
2.9854595424829
3.2536720838199
3.0414143159129
2.3791847231663
1.7306462934101
1.7228233301287
1.9139517127867
1.5624634954281
1.6140184745334
1.5023273784138
1.6554026248184
1.751724080618
1.5943647785646
1.708558630499
2.012151467216
1.7034913185121
1.5106666345646
1.473426154411
1.7324789346452
1.5140694082524
1.4998462937536
1.6644127887283
2.0001037482188
2.0286044690992
1.6856401342872
1.7914048401671
1.8289604691577
1.8796429800535
1.9608692203142
1.9925378425457
1.9078975519
1.8997593797214
1.7221567345669
1.5932927308444
1.8660679605306
1.6676507094686
1.8625497405974
1.9481662480004
1.9846881483986
2.0385359344239
2.0315197313483
1.9641592250944
2.0179221970541
2.0355000492924
2.0135076060415
2.0853938727593
1.9645307937551
2.1111004565398
1.8752554058618
1.6602064379345
1.574767779157
1.6807879218462
2.0313721625334
2.134830616944
1.9680901261648
2.0851311207596
1.8316778046874
2.0664521646563
1.732649678054
2.017547394407
2.0477425787705
1.8899012329389
2.0498760734143
2.0991160224068
2.0812317491054
1.9621459608499
1.8290218865642
1.7687924049126
2.0519296896642
1.6725628082373
1.6914223148728
1.741944362359
1.7523776584119
1.9162957585318
1.7288029154077
1.933576620089
1.986393937512
1.7760538306343
1.8482527482619
2.1219916225136
3.0802869774476
3.0496275712847
2.7534943644029
2.1767285916386
1.7094350893905
1.9012706063069
1.6392184149529
1.4087118926606
1.5238316350216
1.6271009254709
1.6137772218756
1.5533721835079
1.4558187862438
1.7039746811287
1.5658275520387
1.672384544996
1.6431755915266
1.8393824493879
1.7558410349889
1.65728973755
1.6537433089963
1.7409533208013
2.039290066191
1.8277807705597
1.9249062033171
1.7731707832627
1.6772971393354
1.9579003534654
1.9652729660615
1.749175405429
2.0241787251436
1.9708684905133
1.8667825065217
1.7983069650817
1.7761140674566
1.7293225186568
1.8490569408285
2.0641777718981
2.0561152326155
1.9683793636027
1.7970146255537
1.9726563440261
2.0777758883979
2.0770521844524
1.9645231572694
1.9992483783175
1.897021439676
2.1254611437319
2.2924129911181
2.030383849164
1.8979123172941
1.6935251597913
2.0128017291379
2.003035353147
1.8874556342301
2.0802949799111
1.8437926979905
1.8264918300922
1.8723875609344
2.1072421266978
2.1549468309169
1.7880253423528
2.0976142691283
2.1700371190342
2.0866640676001
2.0362340509321
2.0315443746897
2.0481377670688
1.9291075959492
1.9038617019802
1.6919461777066
1.7374103284661
1.7746547478888
1.6766046546631
1.7451668740892
2.1720136176661
1.9837649636263
1.7471121218592
1.8557856216216
2.2898489292741
2.9154242660947
3.0519589404131
2.457105020098
1.8324840359779
1.5404731910558
1.6182092624901
1.5076418102816
1.5204489567579
1.6249617555652
1.6008971332652
1.6575579087781
1.6977733404201
1.6194347787716
1.677304246401
1.5546633421009
1.5844830132088
1.6103625238855
1.8170125546295
2.128137908273
1.5329785220182
1.6805979860132
1.6276834845697
2.1272278306674
2.0646004567735
1.9221993629687
1.6216237214152
1.6216339640416
1.8906161356549
1.753693375901
1.7557689582733
1.9577936960462
1.8182982835526
1.8482604021268
1.5557355540873
1.4875501034783
1.6670887494921
1.6190165535338
1.7456340545079
1.9301475449378
2.0350818381924
1.9700968953099
1.8890992856801
2.0424848605013
2.159312891989
1.8649525977249
1.9678176401428
1.9186418548319
1.9334319778813
2.2550443556004
2.1933412319448
2.054658247415
1.9608718741912
1.8090615134588
1.8215357246141
1.8492793220343
1.9110711768509
2.2383988623866
1.8199664803157
1.6643504233806
1.9892144089585
2.0493757917116
1.7774378315687
1.6018187058336
2.0815782286943
1.9501547407573
1.9958433489766
2.0560216807192
2.1356964177474
2.2424049232296
2.3269624324039
2.1357694725861
2.0447077886423
2.0729408896644
1.668872498021
1.6515576856457
1.7394726649101
1.7823244927303
1.9804940092349
1.8654731282318
2.0916576287062
2.8020114798505
2.9950335616178
2.0728849607798
1.720142127249
1.6222844188922
1.6576727942144
1.4526122421417
1.7430851748182
1.6276402666531
1.64193185495
1.4252965957375
1.3553308590118
1.5120823111551
1.5991606474276
1.6014329174078
1.4805770687888
1.6961846392416
1.9144086737668
1.8687937234037
1.7945020608733
1.5349748860434
1.549763164685
1.7832263532299
2.0214535578916
1.9260687273297
1.8255321161577
1.7869188415236
1.7149694989925
1.8680114280003
1.7050635831238
1.9618859855925
1.9230725053335
1.905250976654
1.7716219024541
1.7506006927958
1.9970913332271
1.9512230074829
1.8653253066534
2.114308632726
2.0712356816843
2.1407509550573
1.9005679298156
1.709517981783
1.8872905979861
2.0090185681232
1.8027819520408
1.9111409781313
1.886151992583
2.1875357334006
1.980732798515
2.0609452992631
1.8845445934065
1.7775115238519
1.7818802592086
1.761634119778
1.8519641673228
1.9095953149027
1.7333205700439
1.534809405247
1.6572287649063
1.8875260075157
1.6692831610942
1.6309256342489
1.5213626379995
1.8766318565392
2.1238939137876
2.5172890284113
2.2608461109891
1.9690577327564
2.0875084294479
2.0713936513138
1.9038978132209
1.9485792812827
1.649527848563
1.749171223364
1.6061976903426
1.6897269013274
2.2162257555959
1.9674195025821
2.1459580047649
2.6133529094434
2.8314360623723
1.8943767368094
1.9009842647963
1.8138303597504
1.7333419704524
1.8656621779937
1.6284515693125
1.839381595814
1.6241120907096
1.5136775447972
1.6922225226476
1.7108035845208
1.5680736190845
1.5681230203462
1.6121869255409
2.0680593800892
3.1783836894989
2.212586001578
2.1927048085126
2.0668180484688
2.1619772146335
2.1182309646067
2.5453348907222
2.2557263059132
1.7258525804165
1.7879685303993
1.9026458413477
1.8525532285412
1.7268478010619
1.9517254650779
1.8934184117583
1.7113380214539
1.6473613173054
1.7276684378131
1.5337476617854
1.7511014592719
1.7771582639816
1.9009212236779
1.8419536214935
1.9417138283146
2.1746758117347
2.3002763603476
2.0265089462094
2.0472251736894
2.0744177666153
1.930808854711
1.9939372053521
2.0482156281406
1.5431030936739
1.8030080688847
2.2878306879711
1.9421656058289
2.1737097019678
1.8594945844613
1.6673577549009
1.7264378107784
1.7287638168957
1.9613364007228
1.8638225866892
2.2020672789519
1.7903669239686
1.8191770665364
1.6528587862398
1.9895829531421
2.0509052734714
2.2765283492733
2.7992803399794
2.2563087115525
2.0619535421646
2.2559048167054
2.389751221447
2.2451556622182
1.8577835500806
1.6386821858223
1.8460541924083
1.8866551665345
2.1395129220163
2.3011690624857
2.543528775352
2.8080237248283
2.5522738254009
2.1984389644704
1.8073017760886
2.118318557033
1.8111248369335
1.8410018492433
1.6079334802719
1.6172928763184
1.5220064971911
1.8109376599255
1.9258761721657
1.618724574222
1.6243008622326
1.7673751049534
2.0072433112218
2.3552731110504
3.0305758806729
3.0414294154694
2.4467986955266
2.2834210663125
2.298086872759
2.6040017461018
2.6030315671502
2.5645042692711
2.2562834014323
2.024842719719
2.1648717857816
2.0568963687632
2.072014161748
1.9062961431415
1.8722090021752
1.9882790166964
1.6945972998801
1.8852990165373
1.7436564640989
2.0520208211215
2.1151143120262
2.0249275548677
2.1428069453049
1.932987547551
2.1356923302707
2.3179872653753
2.1100578325689
2.1681051421141
2.1938059460844
2.4972225816003
2.4396951136458
2.2951914468154
2.1571836904662
2.101324434857
2.0216260110353
2.0112733037239
2.0367299792136
1.9645602643502
1.9682358085285
1.7005767127768
2.0516215685576
2.072331664019
2.1972465413761
2.1855546882717
2.1153420895834
2.057982905989
2.0790080851874
1.9333940650729
1.9307226569954
1.9397080450258
2.1486313447416
2.3953618844275
2.3819633070515
2.3352352351599
2.2725111023727
2.1228088528192
1.6728945932578
1.8513125223507
1.789187955953
1.8291799925768
2.1152176518984
2.3677548347396
2.3891065825537
2.7999347161146
2.4479894327465
